-107.008	10.267	-137.076	49.95	-77.728	59.966
-107.01	10.263	-137.075	49.951	-77.713	59.954
-107.02	10.25	-137.072	49.956	-77.672	59.924
-107.044	10.228	-137.064	49.966	-77.615	59.888
-107.093	10.193	-137.052	49.979	-77.521	59.82
-107.157	10.134	-137.032	50.003	-77.388	59.723
-107.248	10.047	-137.007	50.044	-77.206	59.593
-107.371	9.936	-136.979	50.082	-76.97	59.423
-107.522	9.797	-136.937	50.135	-76.669	59.208
-107.704	9.623	-136.886	50.197	-76.305	58.943
-107.922	9.417	-136.823	50.262	-75.871	58.631
-108.169	9.178	-136.749	50.336	-75.377	58.272
-108.439	8.912	-136.662	50.406	-74.829	57.877
-108.729	8.621	-136.568	50.477	-74.232	57.447
-109.035	8.309	-136.456	50.544	-73.597	56.989
-109.356	7.98	-136.339	50.597	-72.931	56.507
-109.684	7.633	-136.214	50.651	-72.241	56.007
-110.015	7.275	-136.072	50.693	-71.536	55.493
-110.346	6.909	-135.933	50.717	-70.823	54.972
-110.673	6.536	-135.777	50.728	-70.107	54.449
-110.998	6.167	-135.624	50.732	-69.393	53.923
-111.315	5.79	-135.456	50.727	-68.681	53.397
-111.629	5.415	-135.29	50.707	-67.973	52.871
-111.938	5.032	-135.111	50.672	-67.266	52.343
-112.24	4.651	-134.931	50.616	-66.565	51.814
-112.538	4.268	-134.744	50.548	-65.866	51.286
-112.831	3.882	-134.55	50.47	-65.172	50.754
-113.123	3.494	-134.35	50.377	-64.483	50.221
-113.406	3.105	-134.146	50.269	-63.796	49.687
-113.685	2.715	-133.931	50.151	-63.116	49.155
-113.955	2.325	-133.716	50.019	-62.455	48.631
-114.207	1.935	-133.494	49.879	-61.827	48.123
-114.442	1.55	-133.267	49.736	-61.242	47.641
-114.654	1.17	-133.036	49.591	-60.713	47.194
-114.84	0.801	-132.804	49.451	-60.248	46.79
-115	0.447	-132.578	49.321	-59.853	46.433
-115.13	0.109	-132.357	49.203	-59.536	46.131
-115.231	-0.204	-132.142	49.1	-59.301	45.889
-115.298	-0.489	-131.945	49.024	-59.149	45.713
-115.331	-0.746	-131.764	48.968	-59.083	45.603
-115.339	-0.967	-131.599	48.927	-59.082	45.546
-115.334	-1.157	-131.457	48.913	-59.142	45.538
-115.321	-1.317	-131.334	48.906	-59.229	45.549
-115.298	-1.445	-131.234	48.906	-59.333	45.586
-115.264	-1.543	-131.157	48.912	-59.448	45.636
-115.238	-1.612	-131.095	48.924	-59.555	45.695
-115.201	-1.664	-131.052	48.936	-59.657	45.752
-115.169	-1.704	-131.018	48.949	-59.746	45.798
-115.143	-1.724	-131	48.962	-59.812	45.842
-115.131	-1.738	-130.985	48.976	-59.85	45.863
-115.118	-1.753	-130.974	48.986	-59.883	45.886
-115.102	-1.767	-130.966	48.996	-59.899	45.906
-115.09	-1.785	-130.957	49.009	-59.924	45.923
-115.077	-1.822	-130.946	49.031	-59.959	45.954
-115.051	-1.869	-130.929	49.067	-59.994	46.001
-115.01	-1.928	-130.899	49.096	-60.052	46.071
-114.96	-2.001	-130.869	49.147	-60.12	46.164
-114.906	-2.09	-130.824	49.196	-60.201	46.298
-114.842	-2.191	-130.775	49.248	-60.296	46.462
-114.765	-2.306	-130.72	49.31	-60.409	46.664
-114.676	-2.432	-130.657	49.371	-60.533	46.903
-114.588	-2.552	-130.592	49.419	-60.648	47.154
-114.506	-2.668	-130.524	49.457	-60.766	47.424
-114.427	-2.777	-130.457	49.483	-60.879	47.71
-114.348	-2.878	-130.393	49.511	-60.985	48.001
-114.271	-2.966	-130.336	49.523	-61.082	48.286
-114.203	-3.039	-130.28	49.528	-61.164	48.547
-114.151	-3.101	-130.229	49.53	-61.237	48.777
-114.104	-3.152	-130.192	49.529	-61.296	48.974
-114.066	-3.188	-130.163	49.526	-61.333	49.132
-114.041	-3.205	-130.14	49.518	-61.367	49.262
-114.018	-3.217	-130.121	49.512	-61.383	49.361
-114.007	-3.235	-130.111	49.503	-61.403	49.437
-113.995	-3.25	-130.099	49.495	-61.422	49.497
-113.979	-3.26	-130.083	49.484	-61.437	49.557
-113.964	-3.274	-130.067	49.472	-61.454	49.621
-113.954	-3.3	-130.05	49.459	-61.484	49.695
-113.936	-3.322	-130.022	49.446	-61.524	49.785
-113.904	-3.351	-129.985	49.43	-61.573	49.902
-113.877	-3.391	-129.938	49.393	-61.631	50.054
-113.835	-3.441	-129.882	49.355	-61.708	50.242
-113.781	-3.502	-129.815	49.299	-61.812	50.474
-113.716	-3.564	-129.735	49.234	-61.929	50.75
-113.642	-3.63	-129.641	49.161	-62.068	51.057
-113.56	-3.698	-129.542	49.07	-62.223	51.391
-113.472	-3.767	-129.438	48.977	-62.393	51.743
-113.379	-3.837	-129.323	48.865	-62.574	52.112
-113.281	-3.908	-129.208	48.751	-62.767	52.498
-113.18	-3.972	-129.091	48.624	-62.962	52.888
-113.085	-4.036	-128.967	48.493	-63.165	53.276
-112.994	-4.093	-128.858	48.368	-63.354	53.646
-112.914	-4.144	-128.751	48.25	-63.536	53.983
-112.835	-4.19	-128.655	48.139	-63.693	54.287
-112.769	-4.223	-128.578	48.043	-63.834	54.543
-112.717	-4.253	-128.512	47.959	-63.952	54.76
-112.674	-4.276	-128.452	47.892	-64.049	54.943
-112.635	-4.292	-128.405	47.835	-64.127	55.093
-112.6	-4.314	-128.369	47.791	-64.196	55.219
-112.578	-4.326	-128.334	47.745	-64.256	55.334
-112.552	-4.334	-128.304	47.715	-64.308	55.448
-112.522	-4.347	-128.272	47.672	-64.367	55.578
-112.49	-4.368	-128.239	47.631	-64.432	55.726
-112.459	-4.384	-128.196	47.582	-64.512	55.903
-112.421	-4.396	-128.142	47.523	-64.604	56.109
-112.381	-4.416	-128.083	47.452	-64.711	56.353
-112.327	-4.445	-128.016	47.369	-64.832	56.634
-112.262	-4.474	-127.938	47.275	-64.971	56.952
-112.195	-4.509	-127.85	47.166	-65.116	57.297
-112.123	-4.544	-127.755	47.044	-65.272	57.663
-112.057	-4.581	-127.66	46.912	-65.429	58.039
-111.991	-4.62	-127.554	46.77	-65.588	58.422
-111.926	-4.651	-127.451	46.62	-65.747	58.812
-111.864	-4.691	-127.346	46.462	-65.902	59.204
-111.805	-4.732	-127.232	46.299	-66.053	59.601
-111.75	-4.769	-127.121	46.127	-66.203	59.992
-111.698	-4.807	-127.013	45.954	-66.347	60.371
-111.658	-4.84	-126.901	45.79	-66.479	60.731
-111.617	-4.877	-126.804	45.63	-66.598	61.068
-111.578	-4.913	-126.715	45.484	-66.711	61.374
-111.548	-4.939	-126.632	45.351	-66.804	61.647
-111.52	-4.965	-126.559	45.234	-66.886	61.881
-111.504	-4.983	-126.498	45.136	-66.954	62.083
-111.485	-4.995	-126.447	45.046	-67.009	62.245
-111.469	-5.016	-126.396	44.962	-67.047	62.38
-111.466	-5.039	-126.348	44.869	-67.07	62.488
-111.468	-5.059	-126.298	44.777	-67.075	62.578
-111.473	-5.086	-126.249	44.681	-67.073	62.652
-111.485	-5.108	-126.196	44.569	-67.063	62.716
-111.507	-5.133	-126.137	44.448	-67.043	62.777
-111.542	-5.168	-126.072	44.309	-67.008	62.843
-111.572	-5.208	-125.996	44.154	-66.981	62.919
-111.61	-5.252	-125.914	43.982	-66.938	62.998
-111.65	-5.298	-125.827	43.794	-66.896	63.074
-111.692	-5.343	-125.736	43.607	-66.844	63.146
-111.73	-5.385	-125.654	43.419	-66.796	63.207
-111.763	-5.424	-125.575	43.238	-66.745	63.261
-111.796	-5.464	-125.495	43.061	-66.688	63.307
-111.831	-5.502	-125.418	42.892	-66.628	63.334
-111.859	-5.532	-125.351	42.722	-66.573	63.357
-111.892	-5.568	-125.284	42.557	-66.514	63.373
-111.916	-5.601	-125.22	42.398	-66.453	63.377
-111.942	-5.631	-125.161	42.259	-66.393	63.374
-111.961	-5.653	-125.112	42.141	-66.338	63.366
-111.975	-5.672	-125.07	42.031	-66.297	63.352
-111.996	-5.685	-125.039	41.941	-66.254	63.341
-112.012	-5.691	-125.006	41.859	-66.226	63.336
-112.016	-5.696	-124.982	41.783	-66.189	63.336
-112.021	-5.705	-124.952	41.712	-66.169	63.338
-112.025	-5.714	-124.934	41.651	-66.149	63.351
-112.029	-5.725	-124.912	41.592	-66.128	63.372
-112.033	-5.731	-124.897	41.539	-66.116	63.394
-112.036	-5.731	-124.887	41.491	-66.109	63.416
-112.038	-5.731	-124.873	41.436	-66.101	63.452
-112.038	-5.731	-124.853	41.365	-66.092	63.488
-112.038	-5.73	-124.83	41.285	-66.08	63.542
-112.037	-5.73	-124.807	41.197	-66.068	63.592
-112.036	-5.728	-124.776	41.097	-66.058	63.648
-112.033	-5.723	-124.751	40.994	-66.054	63.712
-112.025	-5.718	-124.716	40.887	-66.053	63.779
-112.014	-5.708	-124.688	40.769	-66.053	63.849
-112.005	-5.696	-124.649	40.651	-66.056	63.922
-111.999	-5.683	-124.609	40.524	-66.064	63.999
-111.99	-5.679	-124.569	40.393	-66.077	64.077
-111.976	-5.677	-124.527	40.266	-66.091	64.154
-111.954	-5.672	-124.493	40.157	-66.101	64.224
-111.938	-5.669	-124.463	40.056	-66.108	64.29
-111.929	-5.664	-124.432	39.962	-66.116	64.346
-111.92	-5.656	-124.406	39.876	-66.124	64.393
-111.907	-5.646	-124.38	39.788	-66.133	64.443
-111.892	-5.631	-124.352	39.699	-66.143	64.489
-111.884	-5.62	-124.329	39.61	-66.151	64.523
-111.878	-5.614	-124.301	39.519	-66.157	64.564
-111.872	-5.606	-124.283	39.434	-66.16	64.593
-111.861	-5.598	-124.256	39.344	-66.163	64.627
-111.842	-5.582	-124.23	39.238	-66.165	64.663
-111.823	-5.561	-124.2	39.12	-66.167	64.699
-111.812	-5.545	-124.168	38.989	-66.169	64.742
-111.799	-5.529	-124.137	38.849	-66.171	64.785
-111.778	-5.503	-124.106	38.713	-66.171	64.819
-111.759	-5.484	-124.072	38.576	-66.171	64.862
-111.747	-5.466	-124.041	38.441	-66.171	64.891
-111.729	-5.441	-124.008	38.301	-66.169	64.925
-111.71	-5.421	-123.983	38.162	-66.168	64.954
-111.701	-5.396	-123.955	38.025	-66.164	64.978
-111.693	-5.367	-123.929	37.889	-66.156	65.01
-111.68	-5.345	-123.906	37.756	-66.148	65.029
-111.661	-5.32	-123.884	37.648	-66.141	65.043
-111.644	-5.304	-123.87	37.552	-66.134	65.061
-111.635	-5.29	-123.852	37.458	-66.129	65.081
-111.624	-5.271	-123.834	37.372	-66.126	65.093
-111.606	-5.259	-123.821	37.291	-66.123	65.102
-111.588	-5.252	-123.809	37.21	-66.121	65.11
-111.579	-5.241	-123.792	37.134	-66.119	65.118
-111.568	-5.224	-123.775	37.059	-66.118	65.127
-111.549	-5.205	-123.763	36.99	-66.117	65.136
-111.527	-5.196	-123.75	36.915	-66.117	65.144
-111.513	-5.189	-123.732	36.836	-66.116	65.152
-111.491	-5.175	-123.712	36.746	-66.114	65.158
-111.459	-5.15	-123.699	36.646	-66.112	65.161
-111.429	-5.131	-123.686	36.552	-66.108	65.163
-111.4	-5.113	-123.672	36.459	-66.102	65.163
-111.384	-5.085	-123.661	36.368	-66.094	65.162
-111.359	-5.065	-123.655	36.278	-66.082	65.159
-111.339	-5.039	-123.651	36.192	-66.066	65.152
-111.322	-5.006	-123.649	36.109	-66.047	65.139
-111.297	-4.971	-123.649	36.031	-66.033	65.123
-111.277	-4.939	-123.649	35.954	-66.02	65.107
-111.262	-4.908	-123.652	35.886	-66.002	65.096
-111.24	-4.882	-123.655	35.831	-65.98	65.083
-111.228	-4.854	-123.661	35.778	-65.964	65.067
-111.224	-4.828	-123.665	35.729	-65.948	65.046
-111.222	-4.8	-123.671	35.681	-65.921	65.029
-111.221	-4.776	-123.676	35.635	-65.884	65.013
-111.222	-4.761	-123.682	35.583	-65.851	64.988
-111.223	-4.74	-123.686	35.534	-65.801	64.953
-111.226	-4.72	-123.691	35.494	-65.744	64.928
-111.232	-4.704	-123.695	35.442	-65.688	64.888
-111.241	-4.68	-123.7	35.389	-65.621	64.853
-111.254	-4.655	-123.705	35.34	-65.541	64.801
-111.28	-4.627	-123.714	35.274	-65.45	64.758
-111.314	-4.591	-123.728	35.216	-65.352	64.713
-111.352	-4.55	-123.755	35.16	-65.242	64.67
-111.392	-4.5	-123.784	35.122	-65.114	64.643
-111.439	-4.432	-123.828	35.079	-64.966	64.619
-111.498	-4.351	-123.883	35.054	-64.787	64.597
-111.578	-4.249	-123.958	35.027	-64.579	64.589
-111.667	-4.128	-124.051	35.012	-64.327	64.589
-111.772	-3.979	-124.169	35.007	-64.037	64.596
-111.891	-3.805	-124.299	35.007	-63.711	64.615
-112.025	-3.611	-124.448	35.011	-63.351	64.647
-112.169	-3.41	-124.605	35.018	-62.971	64.671
-112.317	-3.198	-124.77	35.027	-62.575	64.707
-112.468	-2.982	-124.933	35.037	-62.175	64.742
-112.61	-2.761	-125.095	35.042	-61.776	64.781
-112.751	-2.541	-125.247	35.042	-61.387	64.818
-112.88	-2.323	-125.39	35.032	-61.017	64.867
-112.995	-2.104	-125.511	35.011	-60.669	64.908
-113.095	-1.891	-125.625	34.987	-60.351	64.962
-113.173	-1.672	-125.716	34.943	-60.051	65.022
-113.235	-1.439	-125.795	34.886	-59.76	65.087
-113.291	-1.193	-125.866	34.817	-59.472	65.167
-113.343	-0.924	-125.927	34.736	-59.179	65.254
-113.386	-0.631	-125.978	34.637	-58.879	65.352
-113.423	-0.319	-126.029	34.536	-58.569	65.466
-113.462	0.014	-126.077	34.421	-58.244	65.588
-113.502	0.364	-126.119	34.304	-57.903	65.719
-113.535	0.733	-126.165	34.179	-57.55	65.864
-113.571	1.116	-126.211	34.051	-57.179	66.016
-113.611	1.504	-126.256	33.921	-56.799	66.172
-113.647	1.901	-126.297	33.792	-56.414	66.336
-113.687	2.296	-126.339	33.664	-56.031	66.512
-113.723	2.683	-126.384	33.558	-55.657	66.699
-113.754	3.055	-126.425	33.464	-55.298	66.906
-113.789	3.414	-126.467	33.391	-54.96	67.143
-113.814	3.749	-126.509	33.353	-54.65	67.413
-113.836	4.064	-126.553	33.343	-54.371	67.721
-113.854	4.352	-126.602	33.372	-54.136	68.077
-113.859	4.608	-126.655	33.452	-53.943	68.487
-113.859	4.83	-126.713	33.581	-53.804	68.955
-113.857	5.018	-126.78	33.772	-53.723	69.486
-113.849	5.164	-126.844	34.012	-53.697	70.078
-113.833	5.281	-126.916	34.298	-53.719	70.723
-113.803	5.373	-126.994	34.622	-53.792	71.416
-113.763	5.437	-127.074	34.979	-53.908	72.148
-113.714	5.477	-127.152	35.357	-54.058	72.912
-113.661	5.502	-127.228	35.755	-54.242	73.702
-113.605	5.513	-127.307	36.162	-54.444	74.511
-113.547	5.516	-127.387	36.576	-54.668	75.33
-113.485	5.515	-127.458	36.991	-54.902	76.154
-113.426	5.514	-127.528	37.402	-55.143	76.979
-113.36	5.508	-127.595	37.806	-55.387	77.804
-113.297	5.499	-127.665	38.204	-55.635	78.624
-113.235	5.487	-127.729	38.593	-55.884	79.441
-113.17	5.477	-127.792	38.971	-56.134	80.252
-113.112	5.461	-127.861	39.338	-56.382	81.048
-113.05	5.424	-127.937	39.736	-56.661	81.931
-113.001	5.395	-128	40.032	-56.877	82.61
-112.953	5.353	-128.074	40.356	-57.114	83.366
-112.906	5.299	-128.158	40.659	-57.344	84.106
-112.864	5.236	-128.251	40.951	-57.568	84.824
-112.826	5.159	-128.347	41.218	-57.778	85.522
-112.802	5.07	-128.456	41.472	-57.979	86.198
-112.78	4.969	-128.578	41.704	-58.162	86.853
-112.772	4.859	-128.696	41.924	-58.343	87.492
-112.771	4.741	-128.832	42.132	-58.504	88.115
-112.77	4.607	-128.968	42.328	-58.663	88.721
-112.77	4.467	-129.11	42.518	-58.808	89.316
-112.771	4.319	-129.259	42.697	-58.949	89.907
-112.773	4.167	-129.403	42.874	-59.091	90.483
-112.778	4.015	-129.553	43.044	-59.223	91.053
-112.784	3.858	-129.696	43.211	-59.348	91.61
-112.792	3.703	-129.837	43.373	-59.468	92.153
-112.801	3.552	-129.97	43.534	-59.589	92.679
-112.815	3.41	-130.102	43.691	-59.702	93.192
-112.829	3.276	-130.228	43.849	-59.82	93.692
-112.835	3.153	-130.361	44.012	-59.937	94.182
-112.836	3.041	-130.481	44.184	-60.058	94.665
-112.835	2.946	-130.613	44.363	-60.191	95.143
-112.83	2.864	-130.744	44.558	-60.324	95.618
-112.816	2.804	-130.875	44.772	-60.474	96.1
-112.787	2.756	-131.023	45.006	-60.636	96.602
-112.752	2.724	-131.174	45.266	-60.816	97.131
-112.703	2.7	-131.342	45.552	-61.019	97.687
-112.644	2.686	-131.512	45.851	-61.234	98.261
-112.577	2.682	-131.686	46.161	-61.458	98.846
-112.509	2.68	-131.862	46.476	-61.685	99.428
-112.44	2.678	-132.031	46.782	-61.913	100.001
-112.38	2.678	-132.198	47.077	-62.138	100.556
-112.32	2.677	-132.35	47.358	-62.351	101.08
-112.259	2.676	-132.494	47.613	-62.548	101.567
-112.207	2.676	-132.612	47.832	-62.728	102.001
-112.156	2.675	-132.718	48.009	-62.887	102.382
-112.111	2.67	-132.792	48.149	-63.029	102.717
-112.075	2.661	-132.846	48.251	-63.163	103.017
-112.039	2.645	-132.878	48.318	-63.289	103.296
-111.997	2.633	-132.895	48.343	-63.416	103.566
-111.954	2.623	-132.893	48.343	-63.549	103.844
-111.904	2.607	-132.872	48.322	-63.695	104.138
-111.853	2.576	-132.835	48.263	-63.858	104.463
-111.794	2.545	-132.785	48.178	-64.042	104.821
-111.729	2.511	-132.726	48.084	-64.236	105.207
-111.665	2.479	-132.663	47.971	-64.442	105.616
-111.595	2.438	-132.59	47.863	-64.657	106.036
-111.521	2.393	-132.522	47.745	-64.871	106.448
-111.445	2.342	-132.458	47.641	-65.079	106.841
-111.358	2.288	-132.392	47.542	-65.277	107.197
-111.273	2.219	-132.327	47.454	-65.462	107.496
-111.184	2.144	-132.272	47.387	-65.624	107.732
-111.089	2.064	-132.221	47.347	-65.769	107.903
-110.997	1.978	-132.183	47.317	-65.888	107.997
-110.915	1.888	-132.152	47.311	-65.976	108.026
-110.824	1.785	-132.127	47.321	-66.054	108.007
-110.725	1.671	-132.103	47.357	-66.121	107.934
-110.628	1.561	-132.081	47.392	-66.173	107.826
-110.545	1.452	-132.069	47.441	-66.208	107.699
-110.463	1.359	-132.055	47.482	-66.244	107.569
-110.392	1.277	-132.043	47.529	-66.261	107.448
-110.332	1.209	-132.035	47.567	-66.274	107.34
-110.288	1.148	-132.03	47.598	-66.289	107.243
-110.252	1.1	-132.027	47.621	-66.303	107.167
-110.213	1.06	-132.025	47.658	-66.31	107.098
-110.18	1.021	-132.024	47.688	-66.311	107.036
-110.141	0.985	-132.025	47.726	-66.309	106.982
-110.103	0.952	-132.028	47.762	-66.301	106.925
-110.064	0.916	-132.032	47.816	-66.285	106.861
-110.014	0.878	-132.04	47.868	-66.268	106.788
-109.955	0.829	-132.048	47.936	-66.257	106.709
-109.884	0.768	-132.058	48.01	-66.25	106.624
-109.794	0.699	-132.064	48.107	-66.25	106.532
-109.694	0.623	-132.067	48.207	-66.262	106.447
-109.582	0.541	-132.067	48.314	-66.297	106.373
-109.474	0.461	-132.065	48.417	-66.356	106.324
-109.364	0.375	-132.057	48.518	-66.435	106.287
-109.248	0.295	-132.042	48.621	-66.533	106.278
-109.131	0.216	-132.026	48.718	-66.65	106.281
-109.012	0.136	-132.011	48.811	-66.789	106.301
-108.889	0.056	-131.988	48.9	-66.938	106.351
-108.78	-0.015	-131.962	48.983	-67.091	106.405
-108.683	-0.075	-131.944	49.054	-67.237	106.468
-108.6	-0.127	-131.92	49.102	-67.371	106.531
-108.531	-0.168	-131.903	49.155	-67.478	106.589
-108.476	-0.201	-131.89	49.191	-67.578	106.641
-108.425	-0.233	-131.876	49.226	-67.661	106.683
-108.38	-0.258	-131.862	49.248	-67.737	106.736
-108.34	-0.282	-131.853	49.278	-67.809	106.797
-108.304	-0.295	-131.845	49.306	-67.884	106.878
-108.266	-0.307	-131.838	49.333	-67.967	106.983
-108.223	-0.324	-131.828	49.374	-68.069	107.125
-108.169	-0.338	-131.813	49.416	-68.199	107.304
-108.103	-0.349	-131.793	49.467	-68.359	107.532
-108.018	-0.37	-131.774	49.532	-68.558	107.808
-107.914	-0.406	-131.743	49.604	-68.797	108.138
-107.787	-0.441	-131.71	49.679	-69.078	108.519
-107.646	-0.476	-131.67	49.754	-69.391	108.936
-107.491	-0.511	-131.628	49.83	-69.721	109.381
-107.332	-0.541	-131.586	49.898	-70.065	109.831
-107.172	-0.575	-131.536	49.959	-70.414	110.281
-107.014	-0.607	-131.489	49.999	-70.757	110.715
-106.855	-0.639	-131.44	50.043	-71.089	111.134
-106.702	-0.658	-131.395	50.065	-71.408	111.529
-106.562	-0.68	-131.348	50.085	-71.701	111.887
-106.438	-0.699	-131.306	50.096	-71.957	112.196
-106.332	-0.707	-131.275	50.099	-72.174	112.454
-106.245	-0.715	-131.245	50.099	-72.352	112.661
-106.174	-0.724	-131.226	50.098	-72.492	112.821
-106.123	-0.736	-131.203	50.094	-72.599	112.951
-106.079	-0.743	-131.19	50.087	-72.684	113.041
-106.049	-0.745	-131.18	50.08	-72.743	113.111
-106.034	-0.746	-131.171	50.073	-72.787	113.166
-106.016	-0.747	-131.162	50.066	-72.822	113.204
-106.002	-0.747	-131.15	50.055	-72.857	113.253
-105.989	-0.749	-131.137	50.042	-72.904	113.314
-105.964	-0.751	-131.122	50.021	-72.959	113.397
-105.927	-0.754	-131.099	49.984	-73.042	113.504
-105.878	-0.758	-131.067	49.953	-73.152	113.649
-105.82	-0.762	-131.033	49.907	-73.282	113.825
-105.745	-0.77	-130.99	49.861	-73.441	114.032
-105.658	-0.781	-130.941	49.803	-73.624	114.267
-105.566	-0.798	-130.888	49.741	-73.829	114.529
-105.465	-0.812	-130.83	49.677	-74.037	114.798
-105.363	-0.816	-130.776	49.622	-74.251	115.064
-105.266	-0.819	-130.73	49.574	-74.453	115.318
-105.176	-0.822	-130.69	49.524	-74.652	115.557
-105.091	-0.827	-130.651	49.488	-74.826	115.768
-105.016	-0.83	-130.621	49.454	-74.983	115.951
-104.952	-0.835	-130.592	49.439	-75.113	116.101
-104.904	-0.84	-130.575	49.424	-75.218	116.222
-104.863	-0.845	-130.557	49.411	-75.297	116.307
-104.837	-0.847	-130.548	49.403	-75.353	116.369
-104.812	-0.848	-130.546	49.401	-75.384	116.407
-104.803	-0.848	-130.544	49.402	-75.411	116.432
-104.798	-0.848	-130.544	49.403	-75.429	116.442
-104.795	-0.848	-130.544	49.411	-75.435	116.449
-104.79	-0.848	-130.547	49.433	-75.441	116.46
-104.781	-0.848	-130.555	49.458	-75.451	116.483
-104.766	-0.848	-130.57	49.511	-75.469	116.511
-104.755	-0.848	-130.59	49.586	-75.503	116.549
-104.744	-0.85	-130.609	49.679	-75.532	116.607
-104.726	-0.857	-130.637	49.797	-75.583	116.678
-104.694	-0.868	-130.667	49.933	-75.636	116.762
-104.669	-0.877	-130.7	50.093	-75.696	116.86
-104.635	-0.89	-130.737	50.272	-75.767	116.972
-104.605	-0.91	-130.778	50.463	-75.842	117.093
-104.573	-0.937	-130.817	50.654	-75.919	117.214
-104.555	-0.953	-130.853	50.837	-75.997	117.333
-104.53	-0.976	-130.89	51.006	-76.068	117.44
-104.507	-0.999	-130.916	51.152	-76.128	117.541
-104.492	-1.01	-130.941	51.279	-76.186	117.626
-104.472	-1.024	-130.957	51.379	-76.229	117.698
-104.458	-1.038	-130.969	51.461	-76.263	117.756
-104.456	-1.048	-130.98	51.521	-76.286	117.793
-104.455	-1.05	-130.988	51.556	-76.309	117.828
-104.455	-1.052	-130.992	51.583	-76.321	117.843
-104.455	-1.052	-130.992	51.594	-76.324	117.851
-104.455	-1.053	-130.992	51.596	-76.326	117.856
-104.455	-1.054	-130.991	51.597	-76.326	117.863
-104.457	-1.055	-130.987	51.595	-76.326	117.871
-104.462	-1.056	-130.98	51.588	-76.323	117.873
-104.472	-1.056	-130.971	51.571	-76.313	117.867
-104.492	-1.055	-130.962	51.532	-76.285	117.838
-104.529	-1.054	-130.953	51.487	-76.247	117.788
-104.573	-1.048	-130.942	51.422	-76.196	117.711
-104.619	-1.037	-130.926	51.336	-76.132	117.608
-104.672	-1.02	-130.906	51.236	-76.053	117.482
-104.733	-0.988	-130.89	51.118	-75.959	117.327
-104.798	-0.953	-130.874	50.984	-75.854	117.145
-104.863	-0.909	-130.855	50.838	-75.736	116.936
-104.929	-0.86	-130.838	50.686	-75.618	116.714
-104.992	-0.814	-130.828	50.534	-75.495	116.495
-105.041	-0.778	-130.817	50.394	-75.389	116.289
-105.085	-0.74	-130.805	50.269	-75.29	116.101
-105.125	-0.707	-130.794	50.162	-75.207	115.94
-105.157	-0.68	-130.789	50.072	-75.135	115.8
-105.181	-0.66	-130.786	49.996	-75.077	115.683
-105.189	-0.64	-130.784	49.943	-75.036	115.599
-105.195	-0.628	-130.782	49.902	-75.003	115.539
-105.201	-0.628	-130.782	49.891	-74.996	115.518
-105.204	-0.629	-130.782	49.897	-74.998	115.521
-105.203	-0.632	-130.783	49.921	-75.014	115.551
-105.201	-0.637	-130.783	49.973	-75.052	115.609
-105.193	-0.648	-130.785	50.031	-75.094	115.686
-105.179	-0.668	-130.786	50.106	-75.154	115.783
-105.17	-0.702	-130.786	50.19	-75.222	115.909
-105.164	-0.737	-130.784	50.281	-75.301	116.058
-105.155	-0.778	-130.778	50.384	-75.387	116.234
-105.141	-0.827	-130.769	50.497	-75.482	116.431
-105.126	-0.873	-130.757	50.597	-75.582	116.634
-105.12	-0.915	-130.738	50.694	-75.675	116.834
-105.121	-0.957	-130.718	50.774	-75.758	117.033
-105.124	-1.001	-130.697	50.837	-75.836	117.222
-105.137	-1.039	-130.669	50.883	-75.906	117.404
-105.162	-1.068	-130.644	50.924	-75.969	117.567
-105.186	-1.095	-130.617	50.941	-76.023	117.712
-105.203	-1.118	-130.593	50.951	-76.054	117.831
-105.233	-1.13	-130.575	50.955	-76.084	117.921
-105.259	-1.142	-130.554	50.954	-76.1	117.99
-105.285	-1.154	-130.54	50.95	-76.107	118.039
-105.301	-1.163	-130.532	50.942	-76.112	118.077
-105.306	-1.164	-130.525	50.936	-76.114	118.099
-105.312	-1.163	-130.522	50.928	-76.112	118.105
-105.321	-1.161	-130.522	50.916	-76.102	118.084
-105.336	-1.152	-130.525	50.894	-76.08	118.043
-105.353	-1.135	-130.533	50.861	-76.038	117.976
-105.363	-1.105	-130.542	50.833	-75.999	117.899
-105.374	-1.076	-130.553	50.793	-75.946	117.814
-105.396	-1.041	-130.569	50.762	-75.892	117.725
-105.422	-1.01	-130.584	50.718	-75.846	117.627
-105.448	-0.977	-130.597	50.687	-75.791	117.529
-105.48	-0.943	-130.608	50.645	-75.737	117.439
-105.498	-0.914	-130.619	50.623	-75.701	117.362
-105.518	-0.895	-130.629	50.607	-75.669	117.309
-105.536	-0.88	-130.633	50.602	-75.662	117.287
-105.543	-0.876	-130.633	50.609	-75.664	117.287
-105.547	-0.879	-130.632	50.632	-75.678	117.317
-105.548	-0.883	-130.628	50.654	-75.707	117.352
-105.549	-0.893	-130.622	50.688	-75.738	117.403
-105.548	-0.911	-130.614	50.717	-75.764	117.457
-105.548	-0.934	-130.608	50.743	-75.803	117.509
-105.547	-0.948	-130.602	50.779	-75.831	117.566
-105.545	-0.963	-130.596	50.799	-75.867	117.62
-105.543	-0.984	-130.592	50.819	-75.887	117.654
-105.542	-0.997	-130.588	50.836	-75.898	117.689
-105.543	-1	-130.582	50.842	-75.908	117.706
-105.545	-1.002	-130.574	50.841	-75.914	117.727
-105.554	-1.006	-130.563	50.838	-75.918	117.756
-105.58	-1.011	-130.551	50.828	-75.921	117.778
-105.614	-1.02	-130.538	50.813	-75.923	117.816
-105.661	-1.032	-130.523	50.795	-75.923	117.86
-105.707	-1.043	-130.502	50.782	-75.922	117.912
-105.766	-1.048	-130.475	50.764	-75.921	117.968
-105.837	-1.053	-130.452	50.733	-75.916	118.031
-105.914	-1.057	-130.421	50.709	-75.908	118.098
-105.989	-1.061	-130.401	50.689	-75.899	118.161
-106.062	-1.065	-130.374	50.658	-75.891	118.221
-106.128	-1.068	-130.354	50.634	-75.882	118.274
-106.199	-1.071	-130.336	50.616	-75.871	118.315
-106.261	-1.074	-130.314	50.59	-75.856	118.359
-106.313	-1.075	-130.299	50.571	-75.839	118.384
-106.36	-1.075	-130.29	50.562	-75.824	118.414
-106.39	-1.075	-130.281	50.554	-75.816	118.431
-106.414	-1.075	-130.275	50.548	-75.809	118.438
-106.431	-1.074	-130.271	50.543	-75.804	118.441
-106.439	-1.074	-130.269	50.539	-75.8	118.444
-106.448	-1.074	-130.269	50.536	-75.796	118.448
-106.462	-1.073	-130.269	50.536	-75.792	118.453
-106.478	-1.072	-130.269	50.538	-75.787	118.462
-106.488	-1.069	-130.271	50.542	-75.782	118.474
-106.499	-1.064	-130.275	50.552	-75.774	118.491
-106.524	-1.056	-130.283	50.563	-75.762	118.507
-106.563	-1.05	-130.29	50.579	-75.749	118.527
-106.606	-1.043	-130.3	50.607	-75.737	118.563
-106.66	-1.034	-130.31	50.642	-75.722	118.597
-106.721	-1.019	-130.323	50.673	-75.699	118.646
-106.786	-0.996	-130.341	50.714	-75.669	118.688
-106.847	-0.977	-130.355	50.748	-75.65	118.739
-106.913	-0.961	-130.368	50.792	-75.623	118.789
-106.981	-0.934	-130.383	50.829	-75.592	118.836
-107.047	-0.913	-130.402	50.868	-75.571	118.886
-107.107	-0.9	-130.416	50.902	-75.543	118.926
-107.152	-0.879	-130.426	50.931	-75.52	118.96
-107.188	-0.864	-130.437	50.948	-75.508	118.985
-107.218	-0.858	-130.447	50.967	-75.498	119.013
-107.245	-0.853	-130.455	50.989	-75.487	119.027
-107.264	-0.849	-130.461	51	-75.476	119.036
-107.27	-0.844	-130.466	51.006	-75.466	119.044
-107.279	-0.835	-130.47	51.011	-75.457	119.049
-107.296	-0.822	-130.476	51.016	-75.447	119.052
-107.317	-0.81	-130.483	51.023	-75.435	119.052
-107.336	-0.801	-130.495	51.034	-75.417	119.051
-107.372	-0.781	-130.514	51.052	-75.382	119.048
-107.414	-0.739	-130.538	51.072	-75.347	119.041
-107.47	-0.681	-130.566	51.091	-75.291	119.032
-107.543	-0.606	-130.613	51.124	-75.219	119.022
-107.645	-0.506	-130.67	51.17	-75.129	119.007
-107.771	-0.379	-130.735	51.227	-75.022	118.983
-107.911	-0.23	-130.811	51.287	-74.901	118.956
-108.065	-0.063	-130.902	51.345	-74.765	118.934
-108.23	0.12	-130.997	51.42	-74.622	118.898
-108.405	0.321	-131.097	51.494	-74.466	118.867
-108.59	0.534	-131.202	51.572	-74.304	118.831
-108.775	0.751	-131.309	51.652	-74.146	118.796
-108.951	0.956	-131.406	51.718	-73.99	118.763
-109.11	1.15	-131.502	51.785	-73.85	118.73
-109.255	1.319	-131.579	51.842	-73.724	118.709
-109.374	1.461	-131.645	51.892	-73.619	118.683
-109.475	1.576	-131.699	51.926	-73.531	118.662
-109.554	1.672	-131.746	51.961	-73.458	118.65
-109.616	1.756	-131.784	51.98	-73.401	118.637
-109.658	1.826	-131.807	51.993	-73.352	118.616
-109.697	1.895	-131.829	52.004	-73.304	118.592
-109.735	1.968	-131.843	52.006	-73.271	118.572
-109.773	2.059	-131.854	52.002	-73.222	118.538
-109.813	2.172	-131.87	51.989	-73.174	118.492
-109.863	2.314	-131.892	51.973	-73.111	118.431
-109.933	2.497	-131.913	51.957	-73.029	118.358
-110.013	2.724	-131.94	51.934	-72.923	118.271
-110.11	2.99	-131.971	51.898	-72.806	118.169
-110.22	3.291	-132.004	51.869	-72.667	118.046
-110.342	3.627	-132.038	51.822	-72.511	117.911
-110.472	3.989	-132.077	51.784	-72.338	117.768
-110.616	4.373	-132.112	51.729	-72.153	117.616
-110.77	4.774	-132.146	51.672	-71.962	117.452
-110.931	5.183	-132.174	51.621	-71.759	117.282
-111.095	5.596	-132.205	51.556	-71.548	117.093
-111.262	5.998	-132.226	51.494	-71.326	116.888
-111.436	6.386	-132.25	51.428	-71.103	116.661
-111.611	6.746	-132.263	51.358	-70.873	116.398
-111.787	7.078	-132.271	51.287	-70.636	116.102
-111.964	7.374	-132.274	51.217	-70.388	115.761
-112.149	7.633	-132.272	51.141	-70.136	115.369
-112.336	7.85	-132.264	51.064	-69.871	114.918
-112.526	8.018	-132.248	50.983	-69.597	114.405
-112.718	8.14	-132.223	50.899	-69.317	113.827
-112.92	8.222	-132.192	50.807	-69.028	113.192
-113.12	8.266	-132.157	50.708	-68.731	112.507
-113.322	8.28	-132.118	50.608	-68.432	111.776
-113.523	8.27	-132.069	50.497	-68.128	111.007
-113.726	8.247	-132.012	50.38	-67.822	110.204
-113.927	8.196	-131.957	50.254	-67.517	109.38
-114.123	8.129	-131.896	50.126	-67.21	108.537
-114.325	8.051	-131.833	49.985	-66.906	107.684
-114.527	7.969	-131.77	49.839	-66.604	106.822
-114.722	7.887	-131.698	49.689	-66.303	105.957
-114.918	7.81	-131.625	49.531	-66.004	105.093
-115.123	7.729	-131.547	49.358	-65.697	104.192
-115.317	7.651	-131.469	49.187	-65.401	103.324
-115.504	7.569	-131.387	49.008	-65.105	102.455
-115.695	7.486	-131.302	48.819	-64.815	101.584
-115.885	7.404	-131.219	48.625	-64.527	100.713
-116.074	7.319	-131.123	48.424	-64.237	99.839
-116.257	7.236	-131.033	48.218	-63.956	98.967
-116.445	7.147	-130.939	48.001	-63.675	98.092
-116.63	7.064	-130.841	47.781	-63.396	97.216
-116.811	6.98	-130.738	47.555	-63.118	96.337
-116.99	6.895	-130.638	47.32	-62.847	95.458
-117.171	6.804	-130.527	47.079	-62.577	94.577
-117.349	6.717	-130.415	46.829	-62.311	93.692
-117.523	6.627	-130.31	46.576	-62.047	92.808
-117.693	6.533	-130.192	46.313	-61.786	91.922
-117.869	6.442	-130.074	46.046	-61.528	91.038
-118.042	6.35	-129.956	45.769	-61.272	90.145
-118.212	6.259	-129.828	45.488	-61.022	89.254
-118.378	6.168	-129.703	45.201	-60.771	88.362
-118.548	6.072	-129.573	44.911	-60.526	87.466
-118.714	5.976	-129.441	44.609	-60.286	86.569
-118.877	5.878	-129.304	44.303	-60.048	85.671
-119.035	5.777	-129.166	43.994	-59.811	84.773
-119.194	5.681	-129.024	43.675	-59.579	83.874
-119.353	5.583	-128.881	43.353	-59.353	82.976
-119.508	5.484	-128.742	43.031	-59.131	82.085
-119.658	5.379	-128.599	42.715	-58.916	81.208
-119.8	5.268	-128.477	42.406	-58.713	80.352
-119.941	5.15	-128.356	42.119	-58.521	79.523
-120.069	5.026	-128.258	41.852	-58.346	78.731
-120.189	4.895	-128.183	41.616	-58.181	77.981
-120.298	4.756	-128.126	41.414	-58.035	77.283
-120.388	4.603	-128.099	41.256	-57.913	76.643
-120.468	4.438	-128.105	41.141	-57.805	76.071
-120.535	4.258	-128.148	41.081	-57.721	75.568
-120.591	4.068	-128.227	41.074	-57.654	75.132
-120.639	3.866	-128.326	41.1	-57.602	74.753
-120.67	3.652	-128.453	41.175	-57.572	74.428
-120.694	3.435	-128.597	41.282	-57.549	74.152
-120.709	3.218	-128.743	41.407	-57.533	73.918
-120.726	3.007	-128.903	41.551	-57.528	73.726
-120.736	2.796	-129.051	41.7	-57.528	73.559
-120.738	2.604	-129.203	41.851	-57.531	73.421
-120.739	2.423	-129.334	41.993	-57.538	73.304
-120.739	2.264	-129.455	42.121	-57.548	73.202
-120.738	2.124	-129.553	42.226	-57.563	73.116
-120.737	2.012	-129.634	42.325	-57.584	73.047
-120.729	1.919	-129.703	42.413	-57.614	72.998
-120.708	1.839	-129.763	42.498	-57.676	72.956
-120.661	1.771	-129.812	42.587	-57.76	72.938
-120.595	1.711	-129.856	42.688	-57.885	72.929
-120.504	1.651	-129.9	42.804	-58.046	72.928
-120.389	1.591	-129.949	42.94	-58.25	72.934
-120.246	1.525	-129.996	43.093	-58.497	72.951
-120.086	1.452	-130.048	43.266	-58.784	72.973
-119.904	1.377	-130.098	43.459	-59.108	73.012
-119.706	1.292	-130.156	43.664	-59.455	73.04
-119.499	1.2	-130.216	43.877	-59.813	73.068
-119.294	1.1	-130.271	44.086	-60.169	73.087
-119.078	0.988	-130.33	44.305	-60.539	73.083
-118.901	0.888	-130.371	44.479	-60.828	73.05
-118.729	0.778	-130.404	44.653	-61.111	72.991
-118.583	0.676	-130.43	44.803	-61.351	72.896
-118.455	0.575	-130.448	44.932	-61.548	72.771
-118.347	0.474	-130.462	45.033	-61.703	72.618
-118.258	0.371	-130.464	45.12	-61.824	72.432
-118.184	0.27	-130.461	45.19	-61.908	72.227
-118.126	0.171	-130.452	45.247	-61.972	72.004
-118.087	0.076	-130.435	45.296	-62.012	71.783
-118.054	-0.007	-130.421	45.326	-62.033	71.569
-118.031	-0.077	-130.408	45.357	-62.043	71.378
-118.003	-0.138	-130.393	45.374	-62.051	71.212
-117.984	-0.188	-130.38	45.387	-62.062	71.071
-117.962	-0.235	-130.368	45.404	-62.074	70.945
-117.94	-0.279	-130.361	45.429	-62.088	70.837
-117.925	-0.318	-130.353	45.451	-62.101	70.737
-117.894	-0.353	-130.344	45.472	-62.116	70.645
-117.856	-0.394	-130.334	45.511	-62.141	70.547
-117.812	-0.443	-130.32	45.544	-62.178	70.436
-117.764	-0.501	-130.306	45.6	-62.212	70.307
-117.71	-0.566	-130.294	45.656	-62.266	70.156
-117.636	-0.648	-130.277	45.727	-62.324	69.981
-117.55	-0.738	-130.252	45.807	-62.393	69.782
-117.449	-0.84	-130.23	45.909	-62.474	69.569
-117.348	-0.953	-130.206	46.015	-62.566	69.348
-117.238	-1.074	-130.176	46.137	-62.666	69.124
-117.124	-1.199	-130.151	46.262	-62.776	68.91
-117.011	-1.323	-130.12	46.387	-62.883	68.712
-116.898	-1.444	-130.096	46.516	-62.997	68.534
-116.784	-1.562	-130.066	46.649	-63.112	68.368
-116.672	-1.676	-130.045	46.781	-63.227	68.22
-116.567	-1.79	-130.017	46.903	-63.341	68.093
-116.471	-1.892	-129.994	47.023	-63.453	67.986
-116.386	-1.979	-129.974	47.124	-63.542	67.904
-116.318	-2.051	-129.952	47.214	-63.624	67.839
-116.263	-2.111	-129.941	47.283	-63.689	67.795
-116.214	-2.154	-129.931	47.346	-63.751	67.756
-116.171	-2.192	-129.92	47.393	-63.801	67.727
-116.141	-2.225	-129.907	47.426	-63.837	67.702
-116.11	-2.251	-129.889	47.44	-63.885	67.696
-116.078	-2.268	-129.867	47.431	-63.929	67.698
-116.042	-2.292	-129.827	47.384	-63.991	67.717
-116.007	-2.311	-129.777	47.321	-64.071	67.758
-115.96	-2.339	-129.708	47.224	-64.178	67.802
-115.9	-2.381	-129.621	47.112	-64.304	67.864
-115.817	-2.431	-129.512	46.967	-64.464	67.942
-115.719	-2.487	-129.384	46.787	-64.659	68.043
-115.604	-2.553	-129.222	46.571	-64.884	68.164
-115.476	-2.631	-129.04	46.315	-65.138	68.311
-115.339	-2.72	-128.837	46.031	-65.416	68.475
-115.2	-2.811	-128.619	45.721	-65.704	68.656
-115.066	-2.905	-128.398	45.404	-65.992	68.843
-114.935	-2.998	-128.173	45.073	-66.278	69.044
-114.808	-3.088	-127.944	44.734	-66.557	69.254
-114.688	-3.185	-127.716	44.392	-66.825	69.465
-114.573	-3.277	-127.495	44.061	-67.078	69.674
-114.479	-3.361	-127.289	43.748	-67.31	69.873
-114.399	-3.437	-127.102	43.462	-67.511	70.058
-114.333	-3.503	-126.943	43.214	-67.678	70.217
-114.275	-3.558	-126.809	43.009	-67.817	70.354
-114.232	-3.598	-126.704	42.836	-67.927	70.465
-114.198	-3.63	-126.612	42.698	-68.018	70.557
-114.177	-3.659	-126.54	42.586	-68.093	70.63
-114.155	-3.683	-126.485	42.494	-68.146	70.69
-114.133	-3.701	-126.437	42.416	-68.196	70.742
-114.115	-3.725	-126.387	42.346	-68.244	70.793
-114.089	-3.743	-126.333	42.262	-68.287	70.843
-114.07	-3.776	-126.268	42.165	-68.344	70.911
-114.049	-3.816	-126.189	42.036	-68.414	70.994
-114.014	-3.867	-126.088	41.882	-68.498	71.098
-113.976	-3.925	-125.965	41.696	-68.597	71.219
-113.932	-3.995	-125.818	41.466	-68.716	71.367
-113.887	-4.085	-125.641	41.194	-68.848	71.539
-113.844	-4.185	-125.443	40.879	-68.988	71.73
-113.802	-4.297	-125.224	40.534	-69.129	71.941
-113.764	-4.418	-124.987	40.16	-69.265	72.157
-113.729	-4.54	-124.744	39.771	-69.398	72.376
-113.703	-4.67	-124.497	39.372	-69.514	72.593
-113.687	-4.807	-124.244	38.963	-69.613	72.807
-113.676	-4.946	-123.991	38.551	-69.701	73.017
-113.676	-5.081	-123.745	38.143	-69.778	73.217
-113.678	-5.209	-123.507	37.752	-69.837	73.406
-113.684	-5.329	-123.286	37.391	-69.886	73.571
-113.696	-5.441	-123.094	37.066	-69.916	73.722
-113.716	-5.54	-122.923	36.786	-69.945	73.848
-113.735	-5.623	-122.783	36.548	-69.958	73.947
-113.748	-5.691	-122.663	36.353	-69.967	74.035
-113.764	-5.741	-122.568	36.189	-69.973	74.103
-113.786	-5.785	-122.489	36.061	-69.976	74.15
-113.798	-5.822	-122.421	35.943	-69.974	74.174
-113.81	-5.857	-122.363	35.834	-69.961	74.178
-113.835	-5.889	-122.303	35.714	-69.932	74.152
-113.869	-5.935	-122.224	35.569	-69.874	74.103
-113.911	-5.994	-122.138	35.392	-69.803	74.018
-113.957	-6.064	-122.03	35.174	-69.714	73.904
-114.019	-6.15	-121.897	34.908	-69.601	73.772
-114.099	-6.255	-121.737	34.584	-69.471	73.606
-114.192	-6.38	-121.548	34.203	-69.319	73.416
-114.298	-6.519	-121.336	33.773	-69.143	73.199
-114.404	-6.669	-121.102	33.301	-68.957	72.963
-114.52	-6.828	-120.859	32.811	-68.758	72.716
-114.629	-6.992	-120.615	32.316	-68.565	72.463
-114.73	-7.152	-120.376	31.829	-68.377	72.217
-114.832	-7.299	-120.152	31.367	-68.199	71.977
-114.928	-7.44	-119.935	30.923	-68.026	71.748
-115.012	-7.572	-119.733	30.507	-67.866	71.531
-115.089	-7.695	-119.555	30.134	-67.721	71.337
-115.156	-7.801	-119.398	29.812	-67.598	71.166
-115.205	-7.882	-119.277	29.552	-67.499	71.026
-115.245	-7.947	-119.174	29.342	-67.419	70.917
-115.278	-7.992	-119.1	29.179	-67.355	70.826
-115.294	-8.027	-119.042	29.053	-67.306	70.758
-115.307	-8.059	-118.996	28.958	-67.272	70.707
-115.324	-8.077	-118.962	28.882	-67.24	70.663
-115.334	-8.089	-118.942	28.837	-67.221	70.642
-115.335	-8.102	-118.93	28.799	-67.215	70.627
-115.335	-8.109	-118.923	28.781	-67.213	70.617
-115.334	-8.11	-118.92	28.769	-67.212	70.616
-115.333	-8.11	-118.919	28.753	-67.212	70.615
-115.329	-8.109	-118.917	28.724	-67.213	70.614
-115.323	-8.107	-118.913	28.699	-67.214	70.614
-115.314	-8.104	-118.907	28.661	-67.215	70.612
-115.299	-8.098	-118.9	28.611	-67.217	70.606
-115.278	-8.088	-118.892	28.553	-67.219	70.599
-115.266	-8.072	-118.884	28.492	-67.222	70.592
-115.257	-8.059	-118.872	28.432	-67.225	70.584
-115.242	-8.054	-118.857	28.366	-67.229	70.576
-115.219	-8.05	-118.842	28.302	-67.232	70.565
-115.201	-8.044	-118.83	28.229	-67.236	70.551
-115.188	-8.038	-118.818	28.164	-67.24	70.532
-115.17	-8.029	-118.804	28.107	-67.243	70.519
-115.155	-8.018	-118.791	28.057	-67.246	70.511
-115.151	-8.008	-118.782	28.019	-67.248	70.504
-115.149	-8.004	-118.775	27.979	-67.251	70.497
-115.148	-8.003	-118.769	27.959	-67.252	70.49
-115.145	-8.002	-118.762	27.933	-67.253	70.481
-115.142	-8	-118.755	27.897	-67.253	70.471
-115.135	-7.998	-118.747	27.871	-67.253	70.459
-115.127	-7.996	-118.737	27.832	-67.253	70.449
-115.114	-7.992	-118.728	27.797	-67.253	70.441
-115.101	-7.986	-118.721	27.747	-67.253	70.434
-115.093	-7.976	-118.716	27.704	-67.251	70.427
-115.088	-7.957	-118.712	27.65	-67.248	70.42
-115.081	-7.934	-118.709	27.59	-67.243	70.413
-115.071	-7.917	-118.708	27.537	-67.237	70.407
-115.056	-7.89	-118.709	27.491	-67.232	70.404
-115.04	-7.859	-118.716	27.45	-67.227	70.406
-115.031	-7.826	-118.728	27.428	-67.222	70.413
-115.029	-7.795	-118.747	27.409	-67.216	70.427
-115.029	-7.762	-118.772	27.399	-67.21	70.443
-115.029	-7.736	-118.787	27.398	-67.203	70.462
-115.029	-7.709	-118.809	27.401	-67.196	70.488
-115.029	-7.684	-118.829	27.41	-67.188	70.506
-115.03	-7.664	-118.844	27.426	-67.182	70.519
-115.031	-7.642	-118.859	27.442	-67.176	70.533
-115.032	-7.633	-118.875	27.452	-67.171	70.551
-115.036	-7.63	-118.888	27.462	-67.166	70.568
-115.043	-7.624	-118.898	27.479	-67.157	70.583
-115.054	-7.615	-118.91	27.504	-67.148	70.603
-115.075	-7.602	-118.927	27.527	-67.136	70.643
-115.104	-7.588	-118.946	27.553	-67.116	70.678
-115.127	-7.58	-118.96	27.59	-67.083	70.73
-115.16	-7.574	-118.979	27.613	-67.058	70.783
-115.191	-7.57	-119.002	27.648	-67.025	70.843
-115.232	-7.562	-119.02	27.681	-66.989	70.917
-115.277	-7.55	-119.04	27.709	-66.954	70.995
-115.313	-7.536	-119.059	27.738	-66.914	71.072
-115.346	-7.526	-119.068	27.747	-66.883	71.143
-115.374	-7.526	-119.071	27.747	-66.851	71.203
-115.398	-7.527	-119.069	27.739	-66.836	71.257
-115.405	-7.529	-119.06	27.714	-66.821	71.299
-115.411	-7.532	-119.045	27.677	-66.806	71.331
-115.415	-7.538	-119.027	27.647	-66.795	71.354
-115.416	-7.546	-119.012	27.607	-66.791	71.378
-115.416	-7.561	-118.998	27.581	-66.79	71.387
-115.416	-7.577	-118.98	27.546	-66.791	71.388
-115.413	-7.587	-118.963	27.516	-66.793	71.387
-115.409	-7.59	-118.953	27.495	-66.798	71.386
-115.403	-7.593	-118.945	27.469	-66.803	71.381
-115.399	-7.596	-118.937	27.451	-66.807	71.371
-115.395	-7.598	-118.927	27.433	-66.809	71.351
-115.391	-7.601	-118.915	27.4	-66.811	71.328
-115.387	-7.604	-118.901	27.362	-66.811	71.305
-115.38	-7.606	-118.887	27.303	-66.812	71.261
-115.371	-7.607	-118.867	27.232	-66.812	71.216
-115.353	-7.607	-118.839	27.153	-66.811	71.156
-115.33	-7.607	-118.815	27.054	-66.809	71.084
-115.313	-7.607	-118.78	26.94	-66.807	71.004
-115.292	-7.606	-118.75	26.82	-66.802	70.919
-115.269	-7.606	-118.712	26.694	-66.796	70.831
-115.258	-7.601	-118.678	26.577	-66.79	70.746
-115.244	-7.597	-118.647	26.46	-66.784	70.665
-115.22	-7.59	-118.622	26.352	-66.778	70.588
-115.203	-7.585	-118.596	26.258	-66.773	70.526
-115.192	-7.579	-118.581	26.179	-66.768	70.476
-115.179	-7.576	-118.564	26.112	-66.763	70.427
-115.165	-7.571	-118.55	26.069	-66.758	70.397
-115.157	-7.565	-118.543	26.029	-66.753	70.367
-115.155	-7.56	-118.539	26.007	-66.749	70.356
-115.155	-7.551	-118.537	25.985	-66.746	70.347
-115.155	-7.541	-118.536	25.975	-66.741	70.339
-115.155	-7.532	-118.537	25.971	-66.735	70.331
-115.155	-7.525	-118.538	25.968	-66.728	70.32
-115.155	-7.52	-118.542	25.964	-66.72	70.306
-115.155	-7.514	-118.547	25.957	-66.709	70.291
-115.156	-7.505	-118.553	25.944	-66.698	70.276
-115.157	-7.489	-118.561	25.922	-66.684	70.251
-115.157	-7.464	-118.57	25.898	-66.661	70.215
-115.157	-7.448	-118.579	25.879	-66.632	70.186
-115.158	-7.434	-118.587	25.847	-66.613	70.139
-115.159	-7.411	-118.593	25.811	-66.587	70.105
-115.161	-7.39	-118.596	25.774	-66.554	70.061
-115.161	-7.374	-118.6	25.736	-66.533	70.027
-115.161	-7.352	-118.601	25.707	-66.507	69.986
-115.161	-7.335	-118.603	25.668	-66.484	69.959
-115.161	-7.328	-118.604	25.644	-66.471	69.925
-115.161	-7.32	-118.604	25.615	-66.459	69.908
-115.161	-7.309	-118.604	25.596	-66.447	69.893
-115.161	-7.298	-118.603	25.584	-66.436	69.877
-115.161	-7.292	-118.602	25.572	-66.428	69.864
-115.161	-7.291	-118.601	25.56	-66.423	69.858
-115.161	-7.291	-118.601	25.551	-66.419	69.853
-115.16	-7.29	-118.601	25.545	-66.414	69.848
-115.16	-7.288	-118.603	25.54	-66.408	69.842
-115.16	-7.284	-118.606	25.533	-66.399	69.832
-115.161	-7.277	-118.613	25.524	-66.383	69.813
-115.161	-7.267	-118.624	25.512	-66.351	69.779
-115.162	-7.248	-118.638	25.493	-66.32	69.749
-115.166	-7.219	-118.651	25.461	-66.28	69.7
-115.172	-7.191	-118.665	25.434	-66.237	69.655
-115.183	-7.154	-118.685	25.397	-66.181	69.598
-115.2	-7.116	-118.711	25.362	-66.121	69.528
-115.215	-7.084	-118.727	25.332	-66.074	69.466
-115.225	-7.044	-118.75	25.29	-66.014	69.398
-115.234	-7.01	-118.77	25.254	-65.954	69.336
-115.247	-6.975	-118.784	25.221	-65.902	69.281
-115.264	-6.943	-118.798	25.197	-65.865	69.228
-115.274	-6.916	-118.814	25.167	-65.824	69.181
-115.276	-6.899	-118.825	25.151	-65.798	69.151
-115.278	-6.882	-118.831	25.141	-65.774	69.117
-115.279	-6.867	-118.836	25.131	-65.751	69.098
-115.282	-6.863	-118.841	25.121	-65.741	69.087
-115.285	-6.86	-118.847	25.115	-65.73	69.076
-115.292	-6.85	-118.86	25.116	-65.712	69.061
-115.306	-6.825	-118.883	25.122	-65.67	69.04
-115.331	-6.783	-118.911	25.136	-65.623	69.021
-115.357	-6.724	-118.957	25.151	-65.549	68.994
-115.392	-6.651	-119.011	25.169	-65.448	68.952
-115.432	-6.549	-119.082	25.199	-65.324	68.914
-115.481	-6.419	-119.165	25.233	-65.162	68.862
-115.537	-6.256	-119.269	25.266	-64.967	68.804
-115.601	-6.064	-119.385	25.307	-64.747	68.752
-115.673	-5.83	-119.513	25.351	-64.485	68.698
-115.742	-5.563	-119.653	25.386	-64.194	68.645
-115.809	-5.269	-119.789	25.422	-63.886	68.607
-115.874	-4.944	-119.934	25.459	-63.559	68.582
-115.93	-4.603	-120.073	25.487	-63.217	68.576
-115.986	-4.243	-120.209	25.518	-62.873	68.576
-116.03	-3.882	-120.34	25.532	-62.529	68.585
-116.066	-3.524	-120.457	25.55	-62.198	68.609
-116.098	-3.179	-120.571	25.572	-61.882	68.653
-116.126	-2.854	-120.664	25.586	-61.588	68.694
-116.152	-2.554	-120.751	25.594	-61.321	68.746
-116.174	-2.287	-120.822	25.601	-61.082	68.798
-116.183	-2.051	-120.883	25.606	-60.873	68.839
-116.194	-1.857	-120.934	25.611	-60.693	68.884
-116.209	-1.698	-120.979	25.614	-60.552	68.926
-116.224	-1.569	-121.016	25.613	-60.441	68.97
-116.233	-1.469	-121.049	25.607	-60.344	69.031
-116.242	-1.388	-121.084	25.593	-60.268	69.107
-116.253	-1.327	-121.115	25.566	-60.204	69.204
-116.275	-1.272	-121.151	25.52	-60.152	69.334
-116.294	-1.22	-121.187	25.47	-60.095	69.493
-116.311	-1.167	-121.236	25.4	-60.037	69.697
-116.343	-1.113	-121.296	25.319	-59.974	69.945
-116.372	-1.044	-121.366	25.216	-59.903	70.24
-116.409	-0.967	-121.449	25.106	-59.818	70.58
-116.451	-0.881	-121.533	24.977	-59.726	70.96
-116.498	-0.786	-121.634	24.843	-59.627	71.373
-116.551	-0.686	-121.749	24.712	-59.525	71.818
-116.605	-0.581	-121.87	24.595	-59.428	72.292
-116.656	-0.469	-122.015	24.497	-59.346	72.782
-116.707	-0.351	-122.175	24.428	-59.277	73.297
-116.755	-0.231	-122.358	24.407	-59.228	73.824
-116.795	-0.106	-122.56	24.423	-59.218	74.365
-116.838	0.022	-122.789	24.505	-59.234	74.915
-116.883	0.146	-123.045	24.652	-59.302	75.476
-116.914	0.276	-123.323	24.863	-59.407	76.035
-116.941	0.404	-123.619	25.131	-59.551	76.589
-116.955	0.524	-123.927	25.443	-59.727	77.128
-116.968	0.641	-124.237	25.784	-59.923	77.648
-116.983	0.751	-124.542	26.144	-60.139	78.139
-116.994	0.847	-124.833	26.501	-60.355	78.595
-116.997	0.936	-125.106	26.846	-60.569	79.005
-116.997	1.012	-125.349	27.164	-60.767	79.363
-116.997	1.075	-125.556	27.442	-60.946	79.665
-116.996	1.127	-125.73	27.676	-61.096	79.911
-116.996	1.165	-125.867	27.865	-61.221	80.103
-116.994	1.19	-125.973	28.007	-61.312	80.252
-116.993	1.212	-126.048	28.126	-61.382	80.356
-116.987	1.219	-126.106	28.212	-61.432	80.418
-116.978	1.217	-126.149	28.294	-61.455	80.439
-116.957	1.205	-126.179	28.369	-61.472	80.434
-116.928	1.181	-126.204	28.453	-61.485	80.401
-116.902	1.137	-126.222	28.55	-61.489	80.336
-116.863	1.083	-126.253	28.659	-61.49	80.257
-116.822	1.018	-126.277	28.789	-61.49	80.159
-116.767	0.941	-126.312	28.938	-61.489	80.041
-116.709	0.85	-126.347	29.104	-61.488	79.898
-116.648	0.754	-126.389	29.279	-61.484	79.731
-116.582	0.653	-126.428	29.462	-61.477	79.538
-116.516	0.556	-126.462	29.629	-61.467	79.324
-116.447	0.457	-126.496	29.787	-61.456	79.084
-116.376	0.36	-126.52	29.929	-61.445	78.816
-116.306	0.264	-126.55	30.068	-61.433	78.508
-116.234	0.166	-126.571	30.194	-61.414	78.164
-116.155	0.066	-126.591	30.3	-61.384	77.781
-116.075	-0.032	-126.61	30.396	-61.36	77.372
-115.997	-0.125	-126.62	30.481	-61.333	76.945
-115.93	-0.216	-126.629	30.554	-61.297	76.511
-115.858	-0.307	-126.636	30.613	-61.274	76.078
-115.789	-0.393	-126.645	30.672	-61.242	75.653
-115.72	-0.476	-126.65	30.729	-61.216	75.247
-115.654	-0.553	-126.657	30.789	-61.198	74.868
-115.592	-0.629	-126.659	30.847	-61.181	74.519
-115.532	-0.7	-126.663	30.906	-61.172	74.212
-115.471	-0.763	-126.664	30.965	-61.173	73.941
-115.414	-0.826	-126.665	31.037	-61.189	73.702
-115.356	-0.887	-126.665	31.112	-61.217	73.484
-115.297	-0.95	-126.665	31.197	-61.249	73.289
-115.239	-1.016	-126.665	31.292	-61.298	73.108
-115.178	-1.082	-126.665	31.391	-61.354	72.933
-115.111	-1.151	-126.664	31.498	-61.413	72.763
-115.044	-1.223	-126.663	31.612	-61.474	72.598
-114.973	-1.29	-126.662	31.719	-61.542	72.441
-114.908	-1.357	-126.66	31.826	-61.605	72.294
-114.85	-1.416	-126.658	31.916	-61.667	72.172
-114.79	-1.465	-126.653	32.005	-61.727	72.067
-114.729	-1.513	-126.647	32.086	-61.794	71.994
-114.662	-1.558	-126.637	32.168	-61.864	71.951
-114.592	-1.601	-126.626	32.243	-61.945	71.927
-114.526	-1.644	-126.615	32.313	-62.031	71.932
-114.457	-1.687	-126.602	32.381	-62.122	71.972
-114.377	-1.729	-126.581	32.443	-62.221	72.028
-114.288	-1.77	-126.559	32.514	-62.338	72.106
-114.19	-1.813	-126.54	32.587	-62.458	72.201
-114.088	-1.858	-126.512	32.659	-62.588	72.299
-113.982	-1.906	-126.488	32.732	-62.722	72.392
-113.883	-1.951	-126.463	32.793	-62.851	72.497
-113.793	-1.992	-126.43	32.842	-62.977	72.602
-113.702	-2.033	-126.391	32.876	-63.112	72.721
-113.608	-2.077	-126.345	32.901	-63.252	72.853
-113.51	-2.12	-126.291	32.909	-63.41	73.011
-113.409	-2.156	-126.228	32.905	-63.586	73.188
-113.297	-2.2	-126.153	32.874	-63.774	73.386
-113.179	-2.249	-126.066	32.834	-63.979	73.604
-113.061	-2.297	-125.97	32.772	-64.201	73.851
-112.938	-2.346	-125.869	32.704	-64.435	74.114
-112.803	-2.404	-125.754	32.625	-64.683	74.388
-112.667	-2.461	-125.641	32.546	-64.936	74.669
-112.53	-2.519	-125.526	32.459	-65.18	74.953
-112.398	-2.579	-125.404	32.368	-65.418	75.225
-112.28	-2.638	-125.291	32.267	-65.642	75.492
-112.17	-2.698	-125.172	32.161	-65.854	75.747
-112.068	-2.757	-125.053	32.044	-66.052	75.996
-111.975	-2.819	-124.94	31.925	-66.236	76.24
-111.887	-2.878	-124.817	31.798	-66.411	76.478
-111.807	-2.938	-124.696	31.657	-66.571	76.711
-111.735	-3.003	-124.573	31.513	-66.725	76.944
-111.669	-3.066	-124.444	31.362	-66.872	77.181
-111.605	-3.134	-124.32	31.209	-67.016	77.411
-111.543	-3.198	-124.199	31.062	-67.153	77.626
-111.49	-3.254	-124.091	30.926	-67.269	77.823
-111.436	-3.307	-123.989	30.804	-67.38	78.005
-111.388	-3.351	-123.897	30.689	-67.477	78.169
-111.347	-3.392	-123.814	30.586	-67.568	78.323
-111.313	-3.435	-123.737	30.487	-67.649	78.471
-111.28	-3.476	-123.661	30.393	-67.725	78.613
-111.25	-3.508	-123.593	30.307	-67.793	78.749
-111.219	-3.539	-123.528	30.217	-67.857	78.885
-111.199	-3.567	-123.463	30.132	-67.921	79.024
-111.17	-3.6	-123.389	30.037	-67.986	79.167
-111.143	-3.631	-123.313	29.939	-68.058	79.326
-111.107	-3.67	-123.233	29.832	-68.131	79.49
-111.08	-3.708	-123.156	29.723	-68.207	79.656
-111.046	-3.744	-123.07	29.613	-68.281	79.821
-111.022	-3.783	-122.988	29.499	-68.353	79.985
-110.993	-3.821	-122.91	29.386	-68.426	80.144
-110.972	-3.858	-122.83	29.268	-68.497	80.299
-110.942	-3.896	-122.746	29.146	-68.567	80.451
-110.915	-3.923	-122.667	29.022	-68.639	80.599
-110.884	-3.958	-122.586	28.899	-68.708	80.746
-110.851	-3.993	-122.504	28.766	-68.776	80.889
-110.817	-4.029	-122.423	28.633	-68.845	81.031
-110.792	-4.061	-122.342	28.501	-68.912	81.17
-110.76	-4.092	-122.265	28.375	-68.975	81.301
-110.731	-4.119	-122.19	28.257	-69.031	81.42
-110.702	-4.15	-122.126	28.147	-69.086	81.538
-110.683	-4.18	-122.06	28.039	-69.141	81.647
-110.666	-4.208	-121.995	27.933	-69.19	81.757
-110.639	-4.232	-121.921	27.812	-69.242	81.869
-110.622	-4.262	-121.846	27.69	-69.301	81.994
-110.6	-4.291	-121.774	27.561	-69.362	82.117
-110.568	-4.326	-121.692	27.421	-69.419	82.248
-110.535	-4.364	-121.601	27.271	-69.479	82.39
-110.5	-4.403	-121.5	27.105	-69.551	82.547
-110.468	-4.447	-121.397	26.923	-69.627	82.719
-110.431	-4.497	-121.278	26.728	-69.712	82.903
-110.392	-4.547	-121.159	26.526	-69.799	83.09
-110.355	-4.602	-121.042	26.323	-69.883	83.281
-110.321	-4.652	-120.921	26.124	-69.966	83.473
-110.29	-4.701	-120.806	25.931	-70.046	83.659
-110.258	-4.752	-120.695	25.741	-70.124	83.846
-110.222	-4.801	-120.584	25.562	-70.2	84.024
-110.192	-4.845	-120.482	25.386	-70.276	84.202
-110.155	-4.894	-120.378	25.217	-70.347	84.378
-110.123	-4.94	-120.28	25.053	-70.419	84.548
-110.092	-4.984	-120.184	24.894	-70.488	84.721
-110.066	-5.022	-120.089	24.745	-70.554	84.883
-110.035	-5.057	-120.008	24.605	-70.611	85.029
-110.015	-5.095	-119.938	24.48	-70.661	85.162
-109.989	-5.121	-119.871	24.373	-70.71	85.277
-109.97	-5.15	-119.807	24.267	-70.753	85.388
-109.952	-5.175	-119.748	24.171	-70.793	85.493
-109.928	-5.205	-119.69	24.076	-70.841	85.601
-109.915	-5.235	-119.635	23.971	-70.88	85.709
-109.902	-5.268	-119.569	23.871	-70.927	85.823
-109.876	-5.296	-119.503	23.759	-70.973	85.943
-109.848	-5.328	-119.43	23.642	-71.024	86.083
-109.817	-5.361	-119.352	23.502	-71.084	86.233
-109.786	-5.402	-119.263	23.351	-71.153	86.4
-109.754	-5.451	-119.159	23.183	-71.226	86.591
-109.723	-5.5	-119.054	23.002	-71.303	86.787
-109.687	-5.55	-118.943	22.814	-71.381	86.994
-109.645	-5.602	-118.829	22.623	-71.46	87.202
-109.609	-5.656	-118.724	22.433	-71.539	87.407
-109.575	-5.708	-118.606	22.238	-71.622	87.615
-109.546	-5.752	-118.506	22.059	-71.692	87.805
-109.514	-5.801	-118.404	21.874	-71.768	88
-109.483	-5.844	-118.296	21.692	-71.839	88.189
-109.448	-5.884	-118.2	21.515	-71.913	88.376
-109.422	-5.929	-118.104	21.343	-71.982	88.551
-109.393	-5.972	-118.013	21.184	-72.046	88.717
-109.368	-6.005	-117.933	21.042	-72.102	88.864
-109.338	-6.038	-117.868	20.913	-72.148	88.992
-109.318	-6.062	-117.808	20.804	-72.191	89.106
-109.303	-6.088	-117.746	20.703	-72.231	89.201
-109.281	-6.114	-117.694	20.606	-72.268	89.288
-109.263	-6.138	-117.638	20.511	-72.306	89.369
-109.251	-6.166	-117.587	20.411	-72.339	89.442
-109.234	-6.187	-117.538	20.317	-72.376	89.506
-109.213	-6.214	-117.481	20.216	-72.411	89.571
-109.201	-6.24	-117.42	20.103	-72.451	89.636
-109.183	-6.275	-117.352	19.978	-72.494	89.704
-109.152	-6.309	-117.281	19.839	-72.546	89.779
-109.128	-6.347	-117.205	19.698	-72.588	89.858
-109.099	-6.38	-117.137	19.559	-72.638	89.934
-109.075	-6.401	-117.075	19.434	-72.68	90.004
-109.057	-6.409	-117.03	19.337	-72.708	90.066
-109.039	-6.411	-116.998	19.254	-72.729	90.109
-109.035	-6.409	-116.983	19.201	-72.75	90.143
-109.034	-6.406	-116.979	19.157	-72.758	90.163
-109.035	-6.393	-116.983	19.147	-72.758	90.18
-109.037	-6.366	-117.009	19.153	-72.748	90.182
-109.041	-6.336	-117.041	19.172	-72.731	90.176
-109.046	-6.296	-117.079	19.218	-72.707	90.155
-109.055	-6.251	-117.123	19.254	-72.691	90.137
-109.068	-6.212	-117.162	19.299	-72.673	90.123
-109.086	-6.179	-117.192	19.333	-72.648	90.106
-109.103	-6.146	-117.232	19.381	-72.631	90.084
-109.115	-6.115	-117.271	19.432	-72.615	90.067
-109.135	-6.074	-117.318	19.486	-72.591	90.052
-109.162	-6.026	-117.374	19.564	-72.559	90.031
-109.181	-5.977	-117.437	19.654	-72.537	90.001
-109.212	-5.925	-117.513	19.758	-72.503	89.978
-109.241	-5.859	-117.6	19.875	-72.464	89.948
-109.276	-5.784	-117.695	20.014	-72.417	89.913
-109.315	-5.699	-117.813	20.179	-72.373	89.883
-109.358	-5.614	-117.928	20.342	-72.322	89.846
-109.404	-5.526	-118.045	20.509	-72.275	89.823
-109.448	-5.439	-118.161	20.666	-72.235	89.798
-109.477	-5.365	-118.259	20.807	-72.194	89.779
-109.504	-5.301	-118.339	20.935	-72.173	89.773
-109.526	-5.247	-118.416	21.037	-72.157	89.774
-109.538	-5.203	-118.48	21.125	-72.143	89.78
-109.552	-5.171	-118.52	21.196	-72.136	89.797
-109.562	-5.143	-118.553	21.243	-72.136	89.823
-109.564	-5.133	-118.572	21.28	-72.139	89.842
-109.563	-5.131	-118.583	21.292	-72.151	89.86
-109.563	-5.13	-118.584	21.296	-72.163	89.884
-109.562	-5.13	-118.584	21.297	-72.172	89.906
-109.559	-5.131	-118.583	21.297	-72.179	89.918
-109.555	-5.131	-118.578	21.291	-72.187	89.929
-109.549	-5.132	-118.565	21.273	-72.198	89.944
-109.54	-5.136	-118.545	21.233	-72.216	89.963
-109.526	-5.143	-118.525	21.191	-72.24	89.979
-109.512	-5.151	-118.495	21.133	-72.258	89.99
-109.506	-5.159	-118.465	21.069	-72.278	90.003
-109.501	-5.169	-118.435	21.002	-72.308	90.02
-109.495	-5.184	-118.402	20.931	-72.33	90.042
-109.486	-5.202	-118.367	20.859	-72.35	90.056
-109.476	-5.208	-118.341	20.786	-72.376	90.064
-109.469	-5.208	-118.32	20.726	-72.393	90.07
-109.469	-5.205	-118.31	20.689	-72.399	90.072
-109.471	-5.198	-118.313	20.661	-72.399	90.069
-109.48	-5.179	-118.328	20.652	-72.396	90.061
-109.501	-5.143	-118.359	20.661	-72.382	90.046
-109.523	-5.107	-118.388	20.691	-72.357	90.021
-109.539	-5.071	-118.426	20.715	-72.332	89.993
-109.562	-5.04	-118.457	20.744	-72.314	89.976
-109.581	-5.007	-118.487	20.786	-72.29	89.953
-109.594	-4.975	-118.517	20.822	-72.263	89.927
-109.61	-4.954	-118.544	20.858	-72.248	89.913
-109.629	-4.939	-118.565	20.883	-72.233	89.902
-109.636	-4.919	-118.588	20.912	-72.214	89.889
-109.642	-4.905	-118.601	20.926	-72.196	89.874
-109.65	-4.897	-118.614	20.935	-72.185	89.863
-109.666	-4.887	-118.63	20.946	-72.174	89.854
-109.691	-4.871	-118.647	20.959	-72.161	89.846
-109.71	-4.849	-118.66	20.976	-72.142	89.839
-109.731	-4.834	-118.673	20.986	-72.121	89.831
-109.752	-4.818	-118.69	20.99	-72.109	89.822
-109.762	-4.794	-118.706	20.991	-72.101	89.812
-109.769	-4.782	-118.712	20.988	-72.096	89.802
-109.776	-4.78	-118.714	20.976	-72.096	89.797
-109.779	-4.779	-118.712	20.948	-72.099	89.796
-109.779	-4.779	-118.701	20.922	-72.112	89.799
-109.775	-4.78	-118.678	20.889	-72.136	89.809
-109.762	-4.783	-118.652	20.841	-72.174	89.824
-109.746	-4.788	-118.63	20.793	-72.199	89.836
-109.734	-4.795	-118.601	20.756	-72.236	89.846
-109.718	-4.801	-118.58	20.713	-72.266	89.858
-109.69	-4.813	-118.555	20.686	-72.293	89.873
-109.667	-4.831	-118.534	20.651	-72.322	89.889
-109.645	-4.853	-118.522	20.629	-72.337	89.899
-109.63	-4.861	-118.512	20.621	-72.348	89.903
-109.628	-4.861	-118.512	20.621	-72.354	89.903
-109.628	-4.86	-118.518	20.632	-72.354	89.901
-109.629	-4.858	-118.534	20.656	-72.348	89.893
-109.63	-4.851	-118.554	20.702	-72.334	89.877
-109.634	-4.839	-118.587	20.744	-72.319	89.854
-109.639	-4.817	-118.625	20.812	-72.294	89.834
-109.649	-4.776	-118.678	20.904	-72.256	89.801
-109.666	-4.73	-118.75	21.021	-72.217	89.753
-109.694	-4.675	-118.832	21.161	-72.167	89.692
-109.72	-4.608	-118.924	21.32	-72.112	89.627
-109.75	-4.54	-119.027	21.491	-72.057	89.554
-109.771	-4.468	-119.135	21.681	-72.001	89.471
-109.795	-4.388	-119.252	21.879	-71.935	89.386
-109.822	-4.306	-119.378	22.092	-71.867	89.296
-109.844	-4.226	-119.501	22.311	-71.798	89.199
-109.875	-4.144	-119.627	22.527	-71.731	89.102
-109.899	-4.068	-119.737	22.723	-71.669	89.014
-109.925	-4.002	-119.834	22.893	-71.622	88.938
-109.938	-3.949	-119.921	23.039	-71.577	88.872
-109.944	-3.9	-119.99	23.164	-71.538	88.814
-109.953	-3.863	-120.048	23.266	-71.506	88.769
-109.969	-3.827	-120.1	23.356	-71.476	88.725
-109.986	-3.79	-120.151	23.439	-71.441	88.689
-109.999	-3.748	-120.203	23.519	-71.413	88.648
-110.016	-3.692	-120.259	23.597	-71.364	88.606
-110.046	-3.626	-120.321	23.696	-71.311	88.558
-110.076	-3.536	-120.405	23.818	-71.241	88.492
-110.122	-3.424	-120.513	23.974	-71.145	88.408
-110.176	-3.276	-120.652	24.169	-71.027	88.302
-110.244	-3.094	-120.82	24.413	-70.882	88.175
-110.327	-2.88	-121.017	24.696	-70.703	88.021
-110.419	-2.636	-121.242	25.023	-70.503	87.846
-110.524	-2.37	-121.49	25.381	-70.282	87.648
-110.642	-2.083	-121.753	25.761	-70.043	87.43
-110.765	-1.786	-122.029	26.161	-69.791	87.189
-110.892	-1.48	-122.312	26.568	-69.532	86.922
-111.024	-1.173	-122.596	26.981	-69.272	86.629
-111.149	-0.868	-122.878	27.386	-69.015	86.309
-111.278	-0.573	-123.151	27.778	-68.763	85.961
-111.409	-0.292	-123.412	28.153	-68.525	85.579
-111.532	-0.029	-123.659	28.501	-68.303	85.162
-111.65	0.216	-123.89	28.821	-68.1	84.711
-111.759	0.445	-124.102	29.116	-67.916	84.224
-111.863	0.659	-124.302	29.387	-67.742	83.706
-111.967	0.86	-124.49	29.639	-67.584	83.159
-112.073	1.048	-124.667	29.871	-67.439	82.588
-112.175	1.229	-124.833	30.089	-67.301	81.996
-112.274	1.403	-124.997	30.293	-67.171	81.386
-112.372	1.567	-125.149	30.49	-67.043	80.763
-112.469	1.73	-125.305	30.678	-66.917	80.131
-112.561	1.891	-125.45	30.859	-66.798	79.494
-112.66	2.054	-125.6	31.039	-66.677	78.853
-112.762	2.213	-125.746	31.216	-66.546	78.209
-112.864	2.373	-125.892	31.39	-66.418	77.566
-112.964	2.532	-126.038	31.561	-66.285	76.922
-113.068	2.693	-126.183	31.729	-66.149	76.276
-113.169	2.851	-126.326	31.897	-66.009	75.628
-113.269	3.01	-126.471	32.061	-65.866	74.981
-113.374	3.168	-126.61	32.218	-65.723	74.332
-113.483	3.328	-126.754	32.377	-65.577	73.681
-113.592	3.486	-126.891	32.529	-65.428	73.029
-113.702	3.644	-127.032	32.681	-65.278	72.376
-113.808	3.8	-127.173	32.827	-65.123	71.721
-113.919	3.959	-127.308	32.974	-64.968	71.066
-114.022	4.117	-127.449	33.115	-64.81	70.409
-114.133	4.275	-127.582	33.253	-64.65	69.749
-114.25	4.431	-127.718	33.388	-64.487	69.089
-114.363	4.586	-127.851	33.523	-64.319	68.428
-114.479	4.745	-127.986	33.651	-64.152	67.764
-114.597	4.901	-128.115	33.774	-63.982	67.099
-114.709	5.056	-128.248	33.898	-63.806	66.432
-114.826	5.21	-128.375	34.013	-63.631	65.762
-114.947	5.368	-128.505	34.129	-63.452	65.087
-115.064	5.522	-128.634	34.237	-63.269	64.418
-115.185	5.678	-128.757	34.343	-63.091	63.747
-115.305	5.833	-128.889	34.44	-62.899	63.069
-115.423	5.986	-129.006	34.538	-62.713	62.393
-115.544	6.144	-129.133	34.633	-62.521	61.718
-115.669	6.298	-129.254	34.718	-62.33	61.038
-115.796	6.453	-129.372	34.806	-62.137	60.358
-115.921	6.605	-129.496	34.885	-61.94	59.676
-116.047	6.758	-129.612	34.965	-61.741	58.992
-116.168	6.914	-129.729	35.033	-61.539	58.306
-116.309	7.08	-129.852	35.109	-61.32	57.564
-116.43	7.221	-129.958	35.168	-61.129	56.931
-116.562	7.372	-130.073	35.229	-60.922	56.238
-116.693	7.525	-130.181	35.283	-60.712	55.542
-116.82	7.68	-130.294	35.33	-60.501	54.847
-116.95	7.834	-130.404	35.377	-60.287	54.147
-117.084	7.986	-130.508	35.411	-60.072	53.448
-117.218	8.138	-130.619	35.45	-59.853	52.746
-117.351	8.29	-130.724	35.476	-59.636	52.042
-117.486	8.441	-130.821	35.508	-59.416	51.338
-117.614	8.593	-130.928	35.526	-59.194	50.635
-117.747	8.734	-131.031	35.543	-58.981	49.944
-117.876	8.869	-131.134	35.573	-58.779	49.271
-117.994	8.991	-131.245	35.61	-58.593	48.629
-118.106	9.093	-131.356	35.664	-58.431	48.019
-118.2	9.179	-131.476	35.736	-58.295	47.456
-118.273	9.233	-131.605	35.827	-58.192	46.948
-118.337	9.256	-131.743	35.951	-58.127	46.5
-118.381	9.251	-131.893	36.112	-58.109	46.128
-118.4	9.213	-132.054	36.311	-58.133	45.836
-118.404	9.134	-132.232	36.551	-58.217	45.622
-118.39	9.011	-132.418	36.832	-58.348	45.481
-118.347	8.849	-132.61	37.143	-58.514	45.403
-118.292	8.659	-132.813	37.482	-58.717	45.388
-118.217	8.447	-133.015	37.835	-58.936	45.406
-118.131	8.227	-133.211	38.196	-59.173	45.47
-118.049	8	-133.402	38.557	-59.413	45.558
-117.967	7.772	-133.584	38.906	-59.651	45.658
-117.881	7.553	-133.75	39.234	-59.877	45.769
-117.801	7.35	-133.902	39.538	-60.085	45.87
-117.734	7.169	-134.031	39.807	-60.272	45.966
-117.673	7.019	-134.15	40.042	-60.432	46.058
-117.61	6.897	-134.254	40.247	-60.574	46.153
-117.549	6.803	-134.345	40.439	-60.708	46.268
-117.483	6.742	-134.437	40.616	-60.832	46.402
-117.417	6.705	-134.532	40.794	-60.954	46.567
-117.344	6.683	-134.62	40.968	-61.082	46.764
-117.261	6.681	-134.718	41.15	-61.211	46.992
-117.167	6.691	-134.826	41.339	-61.347	47.251
-117.06	6.714	-134.934	41.543	-61.493	47.547
-116.942	6.758	-135.053	41.76	-61.656	47.873
-116.814	6.806	-135.177	41.982	-61.823	48.214
-116.684	6.851	-135.297	42.207	-61.989	48.556
-116.563	6.891	-135.416	42.424	-62.154	48.887
-116.445	6.931	-135.522	42.631	-62.319	49.198
-116.325	6.966	-135.627	42.833	-62.48	49.493
-116.208	6.994	-135.726	43.035	-62.642	49.772
-116.088	7.014	-135.811	43.227	-62.8	50.03
-115.968	7.034	-135.897	43.419	-62.954	50.268
-115.853	7.042	-135.975	43.607	-63.11	50.494
-115.737	7.047	-136.044	43.787	-63.264	50.702
-115.618	7.052	-136.11	43.975	-63.425	50.902
-115.494	7.057	-136.178	44.167	-63.593	51.1
-115.365	7.063	-136.246	44.354	-63.756	51.292
-115.246	7.068	-136.307	44.529	-63.912	51.478
-115.139	7.069	-136.357	44.693	-64.055	51.641
-115.037	7.063	-136.401	44.849	-64.193	51.791
-114.936	7.043	-136.434	45.002	-64.318	51.931
-114.836	7.011	-136.462	45.146	-64.439	52.058
-114.738	6.966	-136.477	45.281	-64.558	52.166
-114.641	6.907	-136.483	45.414	-64.662	52.271
-114.547	6.832	-136.483	45.548	-64.763	52.356
-114.464	6.748	-136.476	45.677	-64.857	52.433
-114.376	6.65	-136.461	45.801	-64.952	52.506
-114.279	6.546	-136.437	45.937	-65.05	52.579
-114.177	6.435	-136.412	46.081	-65.156	52.653
-114.077	6.329	-136.39	46.214	-65.254	52.717
-113.979	6.228	-136.359	46.336	-65.352	52.763
-113.883	6.127	-136.333	46.443	-65.441	52.799
-113.798	6.029	-136.297	46.538	-65.527	52.807
-113.71	5.93	-136.266	46.631	-65.608	52.804
-113.623	5.831	-136.222	46.706	-65.686	52.782
-113.535	5.731	-136.174	46.772	-65.759	52.728
-113.451	5.634	-136.127	46.827	-65.831	52.658
-113.364	5.536	-136.077	46.868	-65.897	52.567
-113.277	5.435	-136.025	46.908	-65.964	52.462
-113.186	5.33	-135.969	46.946	-66.032	52.344
-113.1	5.227	-135.911	46.982	-66.095	52.234
-113.02	5.128	-135.856	47.013	-66.156	52.122
-112.945	5.036	-135.806	47.039	-66.217	52.023
-112.872	4.956	-135.761	47.076	-66.276	51.928
-112.8	4.883	-135.725	47.098	-66.335	51.841
-112.738	4.819	-135.693	47.127	-66.391	51.76
-112.68	4.762	-135.663	47.151	-66.439	51.686
-112.624	4.706	-135.637	47.171	-66.488	51.621
-112.573	4.663	-135.618	47.194	-66.536	51.564
-112.524	4.625	-135.596	47.217	-66.579	51.514
-112.474	4.587	-135.583	47.231	-66.629	51.458
-112.435	4.553	-135.574	47.245	-66.668	51.408
-112.402	4.521	-135.561	47.266	-66.712	51.372
-112.368	4.491	-135.545	47.292	-66.759	51.334
-112.323	4.461	-135.533	47.312	-66.807	51.318
-112.273	4.428	-135.521	47.341	-66.867	51.312
-112.224	4.395	-135.509	47.376	-66.937	51.313
-112.168	4.358	-135.491	47.406	-67.014	51.323
-112.109	4.324	-135.475	47.451	-67.099	51.349
-112.051	4.289	-135.46	47.494	-67.197	51.398
-111.985	4.253	-135.443	47.543	-67.302	51.449
-111.91	4.213	-135.42	47.6	-67.415	51.507
-111.828	4.167	-135.401	47.658	-67.542	51.573
-111.746	4.12	-135.383	47.719	-67.676	51.644
-111.666	4.082	-135.358	47.779	-67.813	51.721
-111.584	4.037	-135.339	47.848	-67.957	51.809
-111.499	3.99	-135.319	47.92	-68.112	51.906
-111.406	3.948	-135.295	47.993	-68.272	52.007
-111.307	3.911	-135.279	48.076	-68.446	52.123
-111.213	3.872	-135.261	48.156	-68.615	52.241
-111.111	3.829	-135.24	48.243	-68.801	52.372
-111.003	3.795	-135.225	48.336	-68.997	52.514
-110.901	3.757	-135.209	48.425	-69.194	52.656
-110.796	3.722	-135.19	48.513	-69.395	52.798
-110.694	3.685	-135.173	48.599	-69.581	52.936
-110.601	3.648	-135.159	48.676	-69.759	53.065
-110.513	3.619	-135.141	48.737	-69.924	53.194
-110.426	3.589	-135.117	48.797	-70.083	53.314
-110.343	3.564	-135.101	48.848	-70.233	53.427
-110.272	3.537	-135.076	48.877	-70.373	53.543
-110.207	3.513	-135.05	48.907	-70.506	53.652
-110.143	3.493	-135.025	48.926	-70.633	53.761
-110.083	3.464	-134.994	48.933	-70.749	53.862
-110.021	3.442	-134.967	48.936	-70.872	53.973
-109.959	3.418	-134.931	48.937	-70.989	54.086
-109.897	3.395	-134.901	48.937	-71.107	54.196
-109.837	3.373	-134.868	48.94	-71.226	54.301
-109.777	3.344	-134.845	48.944	-71.326	54.397
-109.727	3.323	-134.818	48.956	-71.422	54.492
-109.68	3.301	-134.801	48.975	-71.507	54.575
-109.633	3.277	-134.782	48.996	-71.587	54.653
-109.6	3.264	-134.763	49.014	-71.652	54.723
-109.568	3.245	-134.753	49.041	-71.704	54.783
-109.545	3.228	-134.745	49.075	-71.753	54.836
-109.521	3.221	-134.74	49.101	-71.795	54.887
-109.5	3.213	-134.736	49.148	-71.822	54.932
-109.485	3.2	-134.732	49.181	-71.852	54.968
-109.462	3.178	-134.729	49.221	-71.884	55.009
-109.446	3.161	-134.726	49.246	-71.906	55.044
-109.44	3.151	-134.722	49.284	-71.939	55.094
-109.435	3.137	-134.718	49.316	-71.965	55.137
-109.429	3.118	-134.715	49.35	-71.992	55.184
-109.423	3.106	-134.711	49.382	-72.025	55.236
-109.417	3.098	-134.708	49.412	-72.046	55.282
-109.414	3.09	-134.705	49.447	-72.074	55.337
-109.414	3.076	-134.701	49.47	-72.106	55.398
-109.414	3.056	-134.697	49.511	-72.132	55.458
-109.416	3.043	-134.693	49.542	-72.171	55.521
-109.421	3.035	-134.688	49.581	-72.196	55.585
-109.432	3.024	-134.682	49.607	-72.229	55.649
-109.446	3.005	-134.675	49.631	-72.261	55.714
-109.457	2.986	-134.666	49.662	-72.287	55.781
-109.467	2.975	-134.657	49.682	-72.321	55.846
-109.484	2.964	-134.649	49.701	-72.343	55.909
-109.513	2.948	-134.641	49.723	-72.371	55.969
-109.536	2.934	-134.633	49.741	-72.399	56.027
-109.565	2.929	-134.625	49.751	-72.418	56.085
-109.589	2.926	-134.615	49.761	-72.444	56.143
-109.609	2.922	-134.605	49.773	-72.469	56.193
-109.634	2.915	-134.595	49.786	-72.484	56.241
-109.649	2.905	-134.586	49.796	-72.501	56.293
-109.67	2.89	-134.578	49.802	-72.524	56.342
-109.703	2.874	-134.568	49.807	-72.544	56.384
-109.735	2.866	-134.557	49.81	-72.557	56.438
-109.766	2.86	-134.542	49.813	-72.573	56.486
-109.794	2.851	-134.528	49.815	-72.596	56.531
-109.825	2.836	-134.516	49.817	-72.618	56.584
-109.856	2.816	-134.503	49.818	-72.633	56.637
-109.895	2.802	-134.484	49.819	-72.652	56.694
-109.938	2.79	-134.464	49.822	-72.678	56.755
-109.973	2.77	-134.449	49.826	-72.7	56.818
-110.012	2.748	-134.429	49.832	-72.72	56.886
-110.054	2.735	-134.407	49.842	-72.751	56.956
-110.095	2.719	-134.392	49.857	-72.777	57.028
-110.139	2.694	-134.376	49.878	-72.802	57.103
-110.182	2.675	-134.354	49.893	-72.839	57.181
-110.229	2.651	-134.338	49.908	-72.866	57.259
-110.276	2.623	-134.322	49.928	-72.906	57.343
-110.323	2.602	-134.302	49.957	-72.936	57.427
-110.365	2.572	-134.285	49.974	-72.969	57.509
-110.405	2.552	-134.272	49.991	-73.002	57.586
-110.442	2.53	-134.255	50.016	-73.027	57.662
-110.484	2.507	-134.235	50.037	-73.062	57.736
-110.526	2.489	-134.219	50.051	-73.084	57.815
-110.563	2.457	-134.201	50.064	-73.115	57.9
-110.608	2.427	-134.175	50.082	-73.145	57.989
-110.654	2.392	-134.151	50.102	-73.168	58.083
-110.694	2.356	-134.126	50.112	-73.204	58.178
-110.731	2.322	-134.095	50.123	-73.232	58.286
-110.774	2.284	-134.068	50.134	-73.268	58.398
-110.827	2.237	-134.032	50.151	-73.301	58.525
-110.882	2.189	-133.999	50.167	-73.331	58.649
-110.941	2.148	-133.97	50.176	-73.362	58.761
-110.999	2.117	-133.944	50.177	-73.372	58.858
-111.051	2.089	-133.92	50.178	-73.375	58.939
-111.101	2.069	-133.903	50.176	-73.373	59.001
-111.156	2.05	-133.883	50.167	-73.36	59.043
-111.217	2.041	-133.869	50.147	-73.33	59.076
-111.274	2.041	-133.863	50.123	-73.286	59.088
-111.332	2.042	-133.86	50.102	-73.236	59.084
-111.388	2.047	-133.859	50.072	-73.177	59.063
-111.437	2.053	-133.86	50.041	-73.119	59.028
-111.482	2.064	-133.862	50.017	-73.06	59.003
-111.528	2.082	-133.864	49.985	-73.007	58.969
-111.564	2.102	-133.867	49.965	-72.959	58.943
-111.602	2.116	-133.87	49.943	-72.903	58.911
-111.642	2.13	-133.873	49.906	-72.835	58.869
-111.69	2.152	-133.876	49.877	-72.761	58.828
-111.738	2.169	-133.879	49.833	-72.678	58.783
-111.79	2.181	-133.882	49.797	-72.583	58.727
-111.849	2.204	-133.884	49.746	-72.475	58.672
-111.916	2.23	-133.887	49.695	-72.356	58.608
-111.992	2.253	-133.89	49.636	-72.217	58.534
-112.084	2.288	-133.893	49.568	-72.058	58.448
-112.181	2.325	-133.896	49.491	-71.889	58.355
-112.276	2.36	-133.899	49.421	-71.721	58.268
-112.369	2.391	-133.903	49.347	-71.559	58.187
-112.457	2.419	-133.905	49.279	-71.404	58.109
-112.534	2.448	-133.909	49.213	-71.259	58.036
-112.612	2.475	-133.911	49.153	-71.122	57.966
-112.686	2.501	-133.915	49.094	-70.991	57.903
-112.759	2.528	-133.918	49.051	-70.875	57.846
-112.822	2.544	-133.921	49.001	-70.765	57.803
-112.87	2.562	-133.924	48.969	-70.682	57.763
-112.911	2.578	-133.927	48.936	-70.612	57.739
-112.942	2.585	-133.93	48.917	-70.552	57.709
-112.974	2.592	-133.931	48.898	-70.507	57.691
-113.001	2.601	-133.933	48.873	-70.463	57.678
-113.023	2.615	-133.934	48.858	-70.422	57.66
-113.033	2.629	-133.934	48.846	-70.391	57.639
-113.045	2.635	-133.934	48.829	-70.361	57.626
-113.066	2.637	-133.934	48.807	-70.334	57.616
-113.082	2.638	-133.933	48.788	-70.318	57.606
-113.091	2.64	-133.931	48.772	-70.294	57.592
-113.103	2.642	-133.925	48.744	-70.263	57.573
-113.126	2.643	-133.912	48.696	-70.239	57.557
-113.141	2.642	-133.889	48.644	-70.216	57.552
-113.148	2.64	-133.854	48.573	-70.191	57.55
-113.154	2.633	-133.811	48.488	-70.182	57.551
-113.161	2.623	-133.763	48.395	-70.177	57.558
-113.167	2.599	-133.704	48.29	-70.177	57.577
-113.172	2.558	-133.637	48.166	-70.178	57.606
-113.173	2.514	-133.565	48.032	-70.186	57.63
-113.172	2.469	-133.48	47.889	-70.201	57.667
-113.169	2.421	-133.393	47.744	-70.228	57.703
-113.161	2.371	-133.317	47.615	-70.254	57.742
-113.148	2.328	-133.247	47.501	-70.271	57.775
-113.138	2.297	-133.184	47.396	-70.292	57.805
-113.133	2.261	-133.125	47.297	-70.316	57.84
-113.129	2.225	-133.067	47.202	-70.329	57.868
-113.128	2.193	-133.009	47.096	-70.343	57.913
-113.127	2.156	-132.938	46.982	-70.362	57.959
-113.127	2.121	-132.86	46.843	-70.391	58.02
-113.127	2.074	-132.769	46.687	-70.411	58.098
-113.129	2.014	-132.66	46.494	-70.436	58.194
-113.134	1.945	-132.523	46.263	-70.475	58.308
-113.144	1.858	-132.37	45.987	-70.507	58.446
-113.157	1.754	-132.18	45.666	-70.553	58.603
-113.183	1.639	-131.974	45.303	-70.589	58.773
-113.214	1.505	-131.744	44.906	-70.631	58.96
-113.251	1.364	-131.498	44.477	-70.659	59.144
-113.304	1.213	-131.235	44.027	-70.687	59.337
-113.364	1.051	-130.963	43.556	-70.696	59.519
-113.43	0.879	-130.682	43.071	-70.694	59.698
-113.512	0.697	-130.391	42.572	-70.679	59.864
-113.599	0.509	-130.093	42.057	-70.635	60.019
-113.695	0.311	-129.786	41.534	-70.586	60.164
-113.796	0.107	-129.48	41.007	-70.522	60.303
-113.903	-0.097	-129.176	40.491	-70.448	60.425
-114.005	-0.297	-128.879	39.987	-70.368	60.532
-114.11	-0.492	-128.595	39.504	-70.289	60.631
-114.214	-0.678	-128.326	39.052	-70.209	60.723
-114.307	-0.849	-128.081	38.637	-70.133	60.804
-114.392	-1.003	-127.858	38.267	-70.065	60.876
-114.464	-1.136	-127.666	37.943	-70.006	60.937
-114.526	-1.251	-127.502	37.669	-69.951	60.983
-114.576	-1.349	-127.362	37.431	-69.904	61.025
-114.615	-1.434	-127.233	37.212	-69.864	61.046
-114.65	-1.511	-127.113	37.005	-69.816	61.063
-114.691	-1.589	-126.994	36.79	-69.776	61.072
-114.736	-1.676	-126.856	36.553	-69.719	61.07
-114.791	-1.779	-126.713	36.281	-69.654	61.057
-114.849	-1.901	-126.531	35.957	-69.578	61.034
-114.919	-2.04	-126.323	35.576	-69.492	61.012
-114.997	-2.205	-126.079	35.136	-69.391	60.974
-115.082	-2.387	-125.812	34.647	-69.277	60.939
-115.175	-2.587	-125.517	34.117	-69.159	60.901
-115.264	-2.802	-125.204	33.552	-69.04	60.867
-115.35	-3.025	-124.875	32.962	-68.919	60.836
-115.429	-3.251	-124.539	32.359	-68.811	60.807
-115.505	-3.477	-124.205	31.761	-68.706	60.796
-115.573	-3.696	-123.88	31.182	-68.622	60.789
-115.629	-3.898	-123.574	30.636	-68.548	60.789
-115.67	-4.084	-123.29	30.124	-68.491	60.796
-115.698	-4.254	-123.025	29.647	-68.456	60.813
-115.707	-4.411	-122.78	29.203	-68.424	60.844
-115.712	-4.549	-122.557	28.807	-68.407	60.885
-115.715	-4.67	-122.362	28.454	-68.401	60.924
-115.716	-4.773	-122.199	28.158	-68.4	60.962
-115.715	-4.856	-122.066	27.917	-68.4	60.997
-115.714	-4.924	-121.961	27.719	-68.402	61.029
-115.71	-4.977	-121.87	27.566	-68.407	61.051
-115.705	-5.009	-121.803	27.439	-68.411	61.078
-115.698	-5.04	-121.752	27.346	-68.417	61.096
-115.694	-5.062	-121.713	27.266	-68.423	61.109
-115.689	-5.086	-121.673	27.198	-68.434	61.129
-115.683	-5.098	-121.632	27.119	-68.45	61.163
-115.675	-5.108	-121.586	27.029	-68.467	61.192
-115.66	-5.132	-121.527	26.915	-68.483	61.242
-115.634	-5.163	-121.459	26.774	-68.505	61.298
-115.608	-5.202	-121.372	26.596	-68.545	61.37
-115.572	-5.249	-121.257	26.378	-68.582	61.464
-115.534	-5.302	-121.124	26.111	-68.637	61.574
-115.487	-5.363	-120.969	25.802	-68.697	61.709
-115.437	-5.43	-120.797	25.462	-68.759	61.858
-115.385	-5.503	-120.617	25.104	-68.827	62.012
-115.335	-5.576	-120.434	24.742	-68.894	62.173
-115.285	-5.651	-120.251	24.379	-68.965	62.335
-115.24	-5.721	-120.068	24.014	-69.032	62.504
-115.194	-5.793	-119.89	23.657	-69.099	62.672
-115.145	-5.862	-119.715	23.313	-69.164	62.828
-115.105	-5.922	-119.563	23.004	-69.226	62.977
-115.073	-5.982	-119.426	22.735	-69.275	63.107
-115.043	-6.025	-119.317	22.513	-69.316	63.212
-115.015	-6.06	-119.225	22.331	-69.356	63.299
-114.991	-6.091	-119.151	22.184	-69.378	63.37
-114.972	-6.114	-119.096	22.067	-69.398	63.425
-114.965	-6.131	-119.049	21.978	-69.421	63.473
-114.96	-6.152	-119.009	21.897	-69.436	63.509
-114.951	-6.165	-118.976	21.83	-69.448	63.547
-114.934	-6.175	-118.939	21.763	-69.465	63.578
-114.913	-6.192	-118.895	21.676	-69.498	63.623
-114.898	-6.219	-118.841	21.582	-69.527	63.676
-114.873	-6.247	-118.78	21.456	-69.569	63.737
-114.84	-6.284	-118.703	21.311	-69.611	63.812
-114.8	-6.327	-118.606	21.129	-69.674	63.91
-114.754	-6.374	-118.497	20.91	-69.744	64.019
-114.703	-6.427	-118.373	20.672	-69.821	64.149
-114.644	-6.481	-118.239	20.412	-69.898	64.284
-114.588	-6.535	-118.115	20.151	-69.978	64.418
-114.538	-6.586	-117.987	19.903	-70.056	64.546
-114.492	-6.629	-117.871	19.662	-70.131	64.676
-114.446	-6.672	-117.762	19.431	-70.199	64.799
-114.402	-6.712	-117.659	19.221	-70.266	64.909
-114.362	-6.744	-117.573	19.036	-70.324	65.01
-114.326	-6.764	-117.507	18.876	-70.365	65.095
-114.296	-6.776	-117.448	18.756	-70.407	65.164
-114.271	-6.79	-117.406	18.662	-70.431	65.211
-114.257	-6.803	-117.38	18.592	-70.457	65.251
-114.252	-6.809	-117.357	18.541	-70.472	65.274
-114.248	-6.81	-117.344	18.499	-70.479	65.301
-114.245	-6.81	-117.338	18.482	-70.483	65.314
-114.244	-6.808	-117.339	18.481	-70.484	65.317
-114.245	-6.801	-117.355	18.497	-70.479	65.314
-114.252	-6.78	-117.394	18.548	-70.461	65.298
-114.267	-6.733	-117.458	18.629	-70.419	65.262
-114.29	-6.67	-117.549	18.744	-70.372	65.227
-114.337	-6.584	-117.662	18.9	-70.305	65.169
-114.403	-6.471	-117.808	19.101	-70.223	65.102
-114.479	-6.34	-117.984	19.332	-70.123	65.022
-114.568	-6.191	-118.188	19.607	-70.009	64.934
-114.659	-6.024	-118.411	19.909	-69.88	64.838
-114.759	-5.847	-118.653	20.233	-69.749	64.729
-114.871	-5.662	-118.908	20.58	-69.604	64.622
-114.973	-5.498	-119.139	20.893	-69.478	64.522
-115.071	-5.335	-119.367	21.201	-69.354	64.429
-115.162	-5.19	-119.57	21.484	-69.241	64.348
-115.235	-5.062	-119.748	21.726	-69.144	64.277
-115.298	-4.958	-119.894	21.934	-69.064	64.216
-115.346	-4.88	-120.018	22.097	-68.998	64.173
-115.385	-4.821	-120.104	22.222	-68.952	64.136
-115.41	-4.773	-120.169	22.314	-68.917	64.119
-115.426	-4.748	-120.216	22.377	-68.898	64.102
-115.446	-4.732	-120.242	22.414	-68.882	64.091
-115.453	-4.726	-120.255	22.427	-68.873	64.086
-115.453	-4.725	-120.258	22.436	-68.871	64.084
-115.452	-4.726	-120.257	22.436	-68.872	64.084
-115.451	-4.727	-120.25	22.423	-68.879	64.088
-115.446	-4.731	-120.23	22.398	-68.902	64.101
-115.435	-4.74	-120.199	22.356	-68.927	64.123
-115.409	-4.753	-120.168	22.306	-68.962	64.146
-115.37	-4.775	-120.129	22.25	-69.011	64.182
-115.326	-4.799	-120.09	22.191	-69.072	64.229
-115.273	-4.817	-120.05	22.138	-69.14	64.291
-115.219	-4.845	-120.006	22.075	-69.219	64.357
-115.153	-4.877	-119.958	22.014	-69.305	64.434
-115.081	-4.907	-119.912	21.955	-69.398	64.517
-115.011	-4.925	-119.879	21.916	-69.487	64.601
-114.938	-4.928	-119.854	21.902	-69.577	64.686
-114.877	-4.927	-119.848	21.906	-69.653	64.768
-114.823	-4.926	-119.847	21.918	-69.722	64.839
-114.776	-4.924	-119.848	21.942	-69.779	64.901
-114.739	-4.92	-119.851	21.965	-69.826	64.956
-114.709	-4.914	-119.86	21.988	-69.863	64.996
-114.681	-4.907	-119.874	22.026	-69.888	65.029
-114.667	-4.898	-119.892	22.051	-69.901	65.047
-114.665	-4.89	-119.907	22.079	-69.911	65.063
-114.663	-4.877	-119.917	22.108	-69.916	65.075
-114.662	-4.864	-119.924	22.117	-69.918	65.079
-114.662	-4.855	-119.929	22.123	-69.918	65.079
-114.662	-4.849	-119.941	22.137	-69.917	65.078
-114.663	-4.839	-119.962	22.176	-69.911	65.072
-114.665	-4.813	-119.995	22.224	-69.896	65.057
-114.67	-4.767	-120.053	22.313	-69.878	65.037
-114.68	-4.708	-120.137	22.44	-69.852	65.018
-114.69	-4.625	-120.256	22.613	-69.809	64.988
-114.708	-4.511	-120.409	22.851	-69.764	64.942
-114.742	-4.376	-120.591	23.129	-69.71	64.896
-114.777	-4.212	-120.816	23.476	-69.642	64.843
-114.813	-4.021	-121.074	23.876	-69.569	64.777
-114.846	-3.811	-121.358	24.318	-69.49	64.708
-114.883	-3.578	-121.671	24.807	-69.407	64.635
-114.916	-3.35	-121.977	25.291	-69.328	64.566
-114.941	-3.124	-122.281	25.774	-69.25	64.501
-114.965	-2.906	-122.571	26.238	-69.182	64.444
-114.984	-2.705	-122.839	26.671	-69.119	64.396
-114.991	-2.527	-123.077	27.054	-69.062	64.348
-115	-2.376	-123.28	27.382	-69.017	64.312
-115.012	-2.255	-123.44	27.646	-68.986	64.283
-115.026	-2.16	-123.569	27.855	-68.961	64.268
-115.034	-2.093	-123.661	28.011	-68.939	64.253
-115.035	-2.045	-123.729	28.13	-68.929	64.239
-115.034	-2.015	-123.779	28.204	-68.924	64.231
-115.034	-1.992	-123.809	28.255	-68.921	64.228
-115.033	-1.979	-123.826	28.282	-68.917	64.226
-115.033	-1.963	-123.841	28.314	-68.912	64.223
-115.033	-1.929	-123.869	28.347	-68.902	64.219
-115.033	-1.886	-123.906	28.404	-68.882	64.212
-115.034	-1.821	-123.964	28.492	-68.854	64.201
-115.035	-1.729	-124.044	28.608	-68.828	64.184
-115.036	-1.605	-124.153	28.766	-68.777	64.153
-115.041	-1.448	-124.287	28.968	-68.722	64.126
-115.049	-1.252	-124.457	29.22	-68.652	64.085
-115.061	-1.015	-124.66	29.524	-68.563	64.039
-115.082	-0.737	-124.894	29.878	-68.461	63.981
-115.102	-0.427	-125.157	30.277	-68.345	63.918
-115.113	-0.088	-125.448	30.717	-68.218	63.855
-115.129	0.276	-125.756	31.189	-68.078	63.785
-115.154	0.661	-126.081	31.689	-67.93	63.713
-115.171	1.06	-126.416	32.205	-67.776	63.635
-115.19	1.469	-126.76	32.734	-67.617	63.549
-115.219	1.879	-127.1	33.263	-67.459	63.454
-115.241	2.287	-127.436	33.777	-67.297	63.342
-115.27	2.686	-127.758	34.269	-67.141	63.207
-115.289	3.074	-128.063	34.727	-66.983	63.042
-115.308	3.448	-128.351	35.148	-66.836	62.842
-115.337	3.807	-128.619	35.522	-66.693	62.603
-115.362	4.154	-128.863	35.846	-66.553	62.314
-115.395	4.483	-129.077	36.113	-66.425	61.975
-115.421	4.795	-129.273	36.316	-66.294	61.581
-115.455	5.091	-129.438	36.469	-66.174	61.134
-115.484	5.373	-129.584	36.566	-66.061	60.641
-115.518	5.645	-129.711	36.622	-65.947	60.107
-115.548	5.905	-129.821	36.633	-65.843	59.538
-115.585	6.157	-129.915	36.623	-65.738	58.937
-115.618	6.405	-130.003	36.573	-65.638	58.314
-115.655	6.645	-130.077	36.503	-65.54	57.672
-115.69	6.882	-130.144	36.423	-65.439	57.02
-115.719	7.12	-130.211	36.33	-65.346	56.361
-115.755	7.356	-130.275	36.239	-65.248	55.701
-115.788	7.592	-130.343	36.14	-65.144	55.039
-115.827	7.831	-130.401	36.042	-65.048	54.376
-115.865	8.067	-130.459	35.941	-64.947	53.709
-115.897	8.304	-130.521	35.837	-64.843	53.044
-115.937	8.542	-130.581	35.726	-64.742	52.379
-115.979	8.777	-130.64	35.617	-64.635	51.712
-116.014	9.014	-130.694	35.503	-64.53	51.041
-116.055	9.281	-130.753	35.371	-64.406	50.291
-116.084	9.489	-130.8	35.271	-64.313	49.701
-116.124	9.726	-130.854	35.148	-64.204	49.031
-116.169	9.965	-130.909	35.026	-64.093	48.358
-116.21	10.2	-130.959	34.902	-63.987	47.687
-116.253	10.437	-131.005	34.77	-63.872	47.012
-116.299	10.674	-131.052	34.634	-63.762	46.337
-116.343	10.91	-131.097	34.504	-63.646	45.662
-116.382	11.147	-131.143	34.366	-63.534	44.985
-116.421	11.383	-131.189	34.227	-63.418	44.307
-116.465	11.62	-131.232	34.081	-63.298	43.629
-116.507	11.857	-131.27	33.934	-63.183	42.951
-116.555	12.094	-131.311	33.787	-63.068	42.271
-116.599	12.328	-131.346	33.633	-62.947	41.589
-116.642	12.565	-131.385	33.479	-62.827	40.908
-116.686	12.798	-131.425	33.328	-62.71	40.227
-116.726	13.026	-131.463	33.183	-62.596	39.561
-116.766	13.245	-131.514	33.056	-62.491	38.912
-116.797	13.449	-131.573	32.951	-62.397	38.288
-116.833	13.635	-131.646	32.883	-62.317	37.703
-116.867	13.798	-131.741	32.854	-62.251	37.159
-116.892	13.936	-131.857	32.869	-62.208	36.664
-116.901	14.042	-131.995	32.95	-62.186	36.231
-116.908	14.116	-132.17	33.101	-62.189	35.864
-116.908	14.15	-132.37	33.33	-62.227	35.575
-116.902	14.149	-132.607	33.631	-62.297	35.359
-116.883	14.113	-132.873	34.006	-62.398	35.209
-116.86	14.039	-133.163	34.443	-62.518	35.122
-116.822	13.926	-133.474	34.934	-62.663	35.087
-116.769	13.783	-133.805	35.475	-62.828	35.091
-116.715	13.614	-134.148	36.058	-63.007	35.13
-116.66	13.424	-134.502	36.674	-63.197	35.205
-116.602	13.218	-134.862	37.314	-63.395	35.301
-116.542	12.999	-135.22	37.964	-63.599	35.412
-116.482	12.774	-135.568	38.609	-63.796	35.521
-116.419	12.552	-135.907	39.242	-63.99	35.631
-116.354	12.334	-136.231	39.868	-64.182	35.736
-116.29	12.123	-136.549	40.483	-64.369	35.856
-116.216	11.928	-136.858	41.093	-64.564	35.977
-116.129	11.75	-137.157	41.702	-64.756	36.11
-116.028	11.588	-137.444	42.301	-64.952	36.258
-115.924	11.449	-137.716	42.891	-65.147	36.409
-115.807	11.337	-137.975	43.46	-65.338	36.574
-115.678	11.249	-138.221	44.018	-65.534	36.751
-115.539	11.187	-138.457	44.563	-65.73	36.935
-115.385	11.14	-138.682	45.101	-65.926	37.131
-115.23	11.111	-138.892	45.616	-66.124	37.331
-115.078	11.094	-139.085	46.097	-66.308	37.521
-114.935	11.081	-139.258	46.526	-66.481	37.7
-114.807	11.078	-139.398	46.894	-66.628	37.855
-114.697	11.079	-139.52	47.202	-66.753	37.989
-114.599	11.079	-139.618	47.458	-66.859	38.096
-114.527	11.081	-139.692	47.666	-66.943	38.188
-114.471	11.08	-139.755	47.835	-67.014	38.263
-114.419	11.077	-139.801	47.967	-67.076	38.326
-114.365	11.067	-139.826	48.062	-67.132	38.387
-114.304	11.043	-139.841	48.149	-67.183	38.458
-114.226	10.99	-139.846	48.239	-67.243	38.539
-114.134	10.919	-139.846	48.344	-67.321	38.639
-114.014	10.832	-139.846	48.463	-67.413	38.763
-113.867	10.727	-139.841	48.606	-67.531	38.918
-113.697	10.608	-139.832	48.771	-67.669	39.112
-113.493	10.469	-139.816	48.958	-67.836	39.348
-113.261	10.309	-139.795	49.156	-68.029	39.631
-113.005	10.137	-139.764	49.348	-68.243	39.956
-112.741	9.961	-139.723	49.528	-68.47	40.313
-112.472	9.787	-139.675	49.684	-68.701	40.692
-112.211	9.621	-139.62	49.814	-68.932	41.093
-111.955	9.459	-139.556	49.909	-69.163	41.51
-111.702	9.309	-139.483	49.979	-69.394	41.943
-111.465	9.169	-139.401	50.017	-69.616	42.378
-111.244	9.043	-139.317	50.034	-69.829	42.806
-111.043	8.932	-139.243	50.03	-70.018	43.206
-110.875	8.84	-139.166	50.001	-70.188	43.568
-110.736	8.766	-139.095	49.964	-70.329	43.881
-110.62	8.706	-139.037	49.928	-70.442	44.147
-110.525	8.657	-138.989	49.889	-70.542	44.368
-110.444	8.614	-138.951	49.861	-70.619	44.549
-110.377	8.58	-138.916	49.828	-70.685	44.699
-110.325	8.558	-138.888	49.813	-70.73	44.823
-110.285	8.536	-138.858	49.799	-70.774	44.918
-110.253	8.508	-138.841	49.781	-70.799	44.999
-110.216	8.482	-138.818	49.761	-70.831	45.074
-110.184	8.452	-138.794	49.748	-70.853	45.153
-110.14	8.425	-138.773	49.734	-70.878	45.24
-110.091	8.39	-138.74	49.715	-70.916	45.335
-110.034	8.349	-138.707	49.683	-70.952	45.451
-109.967	8.292	-138.658	49.653	-71.008	45.589
-109.896	8.232	-138.603	49.606	-71.072	45.733
-109.821	8.17	-138.54	49.563	-71.143	45.887
-109.741	8.102	-138.474	49.503	-71.219	46.043
-109.663	8.031	-138.401	49.44	-71.302	46.207
-109.58	7.956	-138.322	49.372	-71.389	46.373
-109.502	7.874	-138.231	49.296	-71.486	46.542
-109.423	7.793	-138.141	49.214	-71.596	46.714
-109.343	7.711	-138.047	49.131	-71.698	46.889
-109.262	7.634	-137.952	49.048	-71.804	47.049
-109.194	7.561	-137.869	48.972	-71.896	47.189
-109.137	7.497	-137.802	48.901	-71.978	47.314
-109.083	7.445	-137.737	48.843	-72.052	47.424
-109.03	7.394	-137.679	48.793	-72.123	47.528
-108.982	7.351	-137.629	48.759	-72.198	47.631
-108.926	7.311	-137.583	48.732	-72.281	47.739
-108.873	7.272	-137.544	48.72	-72.372	47.856
-108.822	7.238	-137.515	48.721	-72.473	47.975
-108.763	7.201	-137.483	48.733	-72.579	48.102
-108.692	7.171	-137.458	48.759	-72.705	48.245
-108.612	7.135	-137.42	48.786	-72.842	48.404
-108.522	7.093	-137.382	48.812	-73.002	48.591
-108.424	7.049	-137.34	48.848	-73.175	48.796
-108.317	6.999	-137.293	48.866	-73.357	49.011
-108.215	6.95	-137.246	48.884	-73.541	49.229
-108.12	6.903	-137.201	48.904	-73.707	49.436
-108.038	6.86	-137.162	48.914	-73.872	49.637
-107.959	6.82	-137.118	48.916	-74.019	49.82
-107.89	6.786	-137.074	48.914	-74.158	49.998
-107.822	6.761	-137.037	48.906	-74.288	50.162
-107.765	6.73	-136.998	48.887	-74.404	50.316
-107.716	6.706	-136.965	48.866	-74.501	50.459
-107.674	6.682	-136.937	48.851	-74.582	50.574
-107.646	6.666	-136.912	48.833	-74.646	50.667
-107.623	6.661	-136.891	48.811	-74.703	50.746
-107.6	6.654	-136.878	48.792	-74.749	50.816
-107.58	6.644	-136.862	48.787	-74.791	50.88
-107.549	6.629	-136.85	48.788	-74.839	50.941
-107.527	6.618	-136.845	48.798	-74.881	50.992
-107.497	6.614	-136.843	48.826	-74.928	51.043
-107.468	6.611	-136.844	48.861	-74.971	51.097
-107.437	6.607	-136.848	48.901	-75.017	51.142
-107.407	6.602	-136.855	48.954	-75.073	51.192
-107.365	6.591	-136.866	49.019	-75.138	51.257
-107.315	6.574	-136.876	49.089	-75.213	51.333
-107.253	6.551	-136.884	49.167	-75.304	51.419
-107.191	6.534	-136.889	49.246	-75.395	51.512
-107.126	6.515	-136.893	49.321	-75.494	51.609
-107.069	6.494	-136.895	49.392	-75.595	51.703
-107.018	6.483	-136.895	49.46	-75.693	51.8
-106.959	6.471	-136.895	49.521	-75.796	51.902
-106.903	6.448	-136.893	49.582	-75.898	52.001
-106.849	6.425	-136.888	49.629	-76.002	52.098
-106.8	6.41	-136.881	49.679	-76.104	52.198
-106.76	6.389	-136.872	49.714	-76.19	52.286
-106.733	6.371	-136.862	49.746	-76.263	52.356
-106.707	6.362	-136.853	49.765	-76.327	52.416
-106.688	6.352	-136.846	49.789	-76.384	52.469
-106.663	6.336	-136.84	49.808	-76.433	52.523
-106.648	6.32	-136.834	49.818	-76.486	52.579
-106.639	6.313	-136.827	49.827	-76.534	52.629
-106.626	6.31	-136.818	49.836	-76.577	52.681
-106.608	6.306	-136.808	49.844	-76.628	52.737
-106.598	6.302	-136.796	49.854	-76.671	52.792
-106.594	6.294	-136.784	49.864	-76.723	52.852
-106.59	6.281	-136.774	49.875	-76.788	52.929
-106.582	6.265	-136.761	49.886	-76.861	53.019
-106.571	6.253	-136.744	49.896	-76.944	53.119
-106.554	6.243	-136.724	49.909	-77.031	53.23
-106.537	6.229	-136.708	49.932	-77.145	53.363
-106.53	6.213	-136.697	49.952	-77.218	53.453
-106.52	6.196	-136.681	49.969	-77.307	53.568
-106.502	6.189	-136.666	49.987	-77.399	53.689
-106.478	6.181	-136.656	50.013	-77.497	53.802
-106.466	6.168	-136.645	50.043	-77.593	53.925
-106.453	6.148	-136.635	50.064	-77.681	54.037
-106.434	6.133	-136.625	50.091	-77.761	54.139
-106.419	6.129	-136.616	50.112	-77.832	54.221
-106.411	6.126	-136.611	50.126	-77.893	54.294
-106.405	6.121	-136.606	50.14	-77.946	54.359
-106.397	6.115	-136.601	50.158	-77.99	54.422
-106.387	6.105	-136.595	50.173	-78.041	54.486
-106.376	6.091	-136.589	50.182	-78.092	54.548
-106.37	6.082	-136.58	50.189	-78.135	54.612
-106.368	6.077	-136.569	50.197	-78.189	54.682
-106.367	6.071	-136.555	50.204	-78.243	54.756
-106.365	6.062	-136.542	50.214	-78.298	54.838
-106.363	6.047	-136.53	50.229	-78.364	54.939
-106.358	6.022	-136.514	50.253	-78.449	55.054
-106.349	6.002	-136.495	50.276	-78.551	55.195
-106.33	5.981	-136.48	50.311	-78.662	55.347
-106.295	5.955	-136.471	50.354	-78.784	55.509
-106.258	5.936	-136.463	50.406	-78.912	55.681
-106.216	5.914	-136.455	50.463	-79.047	55.865
-106.172	5.894	-136.45	50.532	-79.186	56.054
-106.124	5.882	-136.447	50.604	-79.334	56.25
-106.062	5.862	-136.447	50.69	-79.488	56.457
-106.003	5.834	-136.449	50.778	-79.651	56.662
-105.945	5.816	-136.453	50.866	-79.806	56.859
-105.888	5.795	-136.46	50.945	-79.942	57.04
-105.84	5.778	-136.466	51.016	-80.063	57.195
-105.796	5.771	-136.47	51.082	-80.173	57.332
-105.751	5.764	-136.472	51.132	-80.267	57.457
-105.711	5.754	-136.472	51.174	-80.357	57.572
-105.674	5.736	-136.47	51.214	-80.448	57.687
-105.639	5.719	-136.463	51.237	-80.54	57.792
-105.608	5.71	-136.45	51.254	-80.63	57.897
-105.571	5.696	-136.432	51.268	-80.719	58.004
-105.531	5.672	-136.412	51.276	-80.818	58.117
-105.485	5.647	-136.39	51.278	-80.931	58.241
-105.435	5.619	-136.358	51.28	-81.051	58.384
-105.377	5.589	-136.331	51.282	-81.192	58.549
-105.314	5.559	-136.294	51.287	-81.351	58.731
-105.256	5.525	-136.265	51.292	-81.518	58.918
-105.195	5.487	-136.227	51.301	-81.681	59.109
-105.129	5.45	-136.193	51.309	-81.839	59.301
-105.066	5.411	-136.161	51.324	-81.995	59.493
-104.998	5.373	-136.13	51.346	-82.155	59.689
-104.942	5.343	-136.105	51.371	-82.303	59.868
-104.884	5.304	-136.077	51.388	-82.449	60.052
-104.826	5.272	-136.055	51.411	-82.592	60.233
-104.769	5.235	-136.033	51.441	-82.728	60.401
-104.723	5.205	-136.011	51.458	-82.842	60.549
-104.68	5.18	-135.998	51.473	-82.941	60.679
-104.645	5.162	-135.984	51.496	-83.028	60.795
-104.615	5.137	-135.969	51.515	-83.108	60.894
-104.587	5.115	-135.953	51.526	-83.178	60.989
-104.568	5.097	-135.941	51.536	-83.248	61.086
-104.555	5.071	-135.93	51.548	-83.316	61.184
-104.531	5.051	-135.914	51.563	-83.386	61.281
-104.51	5.031	-135.895	51.579	-83.452	61.381
-104.495	5.008	-135.881	51.589	-83.521	61.49
-104.472	4.99	-135.866	51.599	-83.596	61.612
-104.45	4.961	-135.843	51.612	-83.676	61.743
-104.437	4.929	-135.823	51.631	-83.759	61.891
-104.422	4.9	-135.811	51.655	-83.836	62.039
-104.413	4.881	-135.803	51.669	-83.895	62.173
-104.414	4.879	-135.8	51.684	-83.929	62.292
-104.422	4.879	-135.805	51.704	-83.944	62.378
-104.447	4.885	-135.821	51.732	-83.937	62.448
-104.485	4.898	-135.843	51.752	-83.893	62.497
-104.537	4.923	-135.881	51.771	-83.832	62.516
-104.602	4.967	-135.92	51.798	-83.739	62.516
-104.67	5.025	-135.969	51.817	-83.63	62.501
-104.743	5.081	-136.017	51.832	-83.509	62.462
-104.815	5.137	-136.063	51.846	-83.398	62.416
-104.88	5.191	-136.102	51.863	-83.286	62.366
-104.938	5.237	-136.137	51.879	-83.196	62.329
-104.99	5.275	-136.175	51.891	-83.117	62.288
-105.032	5.315	-136.208	51.904	-83.036	62.264
-105.079	5.354	-136.25	51.934	-82.953	62.233
-105.131	5.393	-136.294	51.976	-82.871	62.21
-105.187	5.436	-136.338	52.029	-82.781	62.195
-105.244	5.48	-136.392	52.084	-82.69	62.176
-105.314	5.53	-136.455	52.163	-82.584	62.153
-105.387	5.592	-136.529	52.251	-82.459	62.136
-105.475	5.658	-136.618	52.355	-82.316	62.12
-105.58	5.735	-136.712	52.469	-82.157	62.098
-105.694	5.815	-136.814	52.597	-81.991	62.074
-105.804	5.897	-136.918	52.726	-81.824	62.062
-105.908	5.974	-137.011	52.846	-81.668	62.053
-105.998	6.043	-137.101	52.957	-81.534	62.047
-106.074	6.104	-137.179	53.058	-81.413	62.045
-106.134	6.154	-137.243	53.151	-81.314	62.046
-106.192	6.197	-137.303	53.227	-81.231	62.052
-106.235	6.229	-137.351	53.299	-81.168	62.063
-106.264	6.258	-137.387	53.348	-81.125	62.075
-106.282	6.273	-137.414	53.389	-81.094	62.092
-106.298	6.278	-137.431	53.415	-81.08	62.113
-106.304	6.28	-137.438	53.439	-81.078	62.129
-106.304	6.282	-137.445	53.449	-81.078	62.139
-106.304	6.283	-137.449	53.457	-81.078	62.149
-106.304	6.283	-137.449	53.458	-81.083	62.162
-106.302	6.282	-137.445	53.456	-81.097	62.181
-106.296	6.28	-137.434	53.446	-81.123	62.2
-106.285	6.274	-137.419	53.427	-81.149	62.215
-106.263	6.263	-137.397	53.391	-81.182	62.234
-106.234	6.252	-137.365	53.352	-81.229	62.271
-106.206	6.236	-137.331	53.29	-81.289	62.304
-106.168	6.206	-137.283	53.215	-81.356	62.357
-106.125	6.175	-137.227	53.125	-81.436	62.413
-106.07	6.139	-137.165	53.019	-81.523	62.474
-106.023	6.104	-137.102	52.904	-81.611	62.542
-105.979	6.07	-137.028	52.781	-81.696	62.608
-105.934	6.042	-136.958	52.658	-81.784	62.676
-105.889	6.009	-136.888	52.528	-81.869	62.743
-105.851	5.978	-136.817	52.392	-81.954	62.809
-105.814	5.948	-136.749	52.271	-82.029	62.87
-105.778	5.925	-136.69	52.163	-82.09	62.92
-105.75	5.904	-136.641	52.071	-82.14	62.964
-105.731	5.894	-136.601	51.996	-82.184	62.999
-105.71	5.891	-136.573	51.934	-82.208	63.025
-105.7	5.885	-136.543	51.882	-82.239	63.041
-105.695	5.878	-136.523	51.84	-82.258	63.061
-105.689	5.867	-136.504	51.808	-82.272	63.087
-105.683	5.856	-136.486	51.778	-82.29	63.105
-105.676	5.848	-136.476	51.746	-82.311	63.124
-105.667	5.845	-136.465	51.722	-82.328	63.159
-105.66	5.844	-136.448	51.682	-82.345	63.188
-105.655	5.842	-136.425	51.647	-82.378	63.236
-105.651	5.841	-136.405	51.591	-82.412	63.283
-105.646	5.838	-136.378	51.526	-82.451	63.344
-105.641	5.836	-136.347	51.456	-82.497	63.414
-105.634	5.833	-136.317	51.384	-82.551	63.485
-105.624	5.831	-136.288	51.308	-82.594	63.556
-105.608	5.827	-136.261	51.243	-82.643	63.623
-105.592	5.825	-136.232	51.174	-82.693	63.688
-105.586	5.823	-136.208	51.109	-82.731	63.748
-105.583	5.823	-136.181	51.053	-82.774	63.799
-105.581	5.822	-136.167	50.997	-82.802	63.848
-105.578	5.822	-136.151	50.953	-82.836	63.885
-105.575	5.822	-136.138	50.924	-82.854	63.915
-105.573	5.822	-136.131	50.906	-82.868	63.93
-105.57	5.822	-136.127	50.884	-82.883	63.946
-105.568	5.822	-136.125	50.867	-82.893	63.96
-105.569	5.824	-136.125	50.859	-82.894	63.963
-105.57	5.829	-136.126	50.853	-82.886	63.959
-105.576	5.836	-136.132	50.851	-82.861	63.937
-105.588	5.845	-136.142	50.848	-82.834	63.912
-105.602	5.857	-136.158	50.846	-82.788	63.879
-105.626	5.878	-136.177	50.844	-82.736	63.826
-105.668	5.912	-136.198	50.844	-82.661	63.756
-105.716	5.944	-136.236	50.845	-82.556	63.668
-105.779	5.985	-136.274	50.85	-82.438	63.554
-105.852	6.038	-136.318	50.858	-82.296	63.426
-105.93	6.094	-136.368	50.871	-82.142	63.284
-106.008	6.149	-136.421	50.89	-81.979	63.135
-106.085	6.207	-136.476	50.916	-81.806	62.977
-106.163	6.266	-136.534	50.935	-81.633	62.805
-106.25	6.326	-136.598	50.956	-81.453	62.634
-106.329	6.379	-136.652	50.989	-81.276	62.468
-106.405	6.43	-136.703	51.014	-81.118	62.314
-106.468	6.472	-136.75	51.034	-80.977	62.183
-106.519	6.508	-136.788	51.062	-80.868	62.071
-106.56	6.531	-136.819	51.078	-80.772	61.981
-106.591	6.557	-136.845	51.087	-80.694	61.906
-106.616	6.578	-136.865	51.099	-80.633	61.843
-106.634	6.599	-136.887	51.111	-80.583	61.796
-106.657	6.62	-136.898	51.128	-80.54	61.756
-106.667	6.627	-136.91	51.141	-80.508	61.724
-106.67	6.635	-136.925	51.151	-80.476	61.696
-106.674	6.651	-136.941	51.161	-80.449	61.676
-106.682	6.675	-136.956	51.176	-80.404	61.639
-106.695	6.697	-136.975	51.202	-80.361	61.603
-106.713	6.73	-137.004	51.227	-80.306	61.551
-106.725	6.769	-137.03	51.252	-80.238	61.502
-106.733	6.815	-137.066	51.287	-80.168	61.445
-106.74	6.859	-137.094	51.309	-80.097	61.386
-106.749	6.904	-137.13	51.337	-80.026	61.329
-106.759	6.95	-137.157	51.372	-79.955	61.283
-106.767	7.001	-137.188	51.394	-79.889	61.233
-106.769	7.049	-137.211	51.424	-79.822	61.184
-106.77	7.099	-137.242	51.448	-79.764	61.147
-106.77	7.141	-137.262	51.462	-79.711	61.104
-106.769	7.177	-137.282	51.478	-79.66	61.082
-106.769	7.207	-137.3	51.495	-79.628	61.058
-106.768	7.229	-137.309	51.509	-79.596	61.038
-106.767	7.245	-137.318	51.514	-79.579	61.028
-106.766	7.272	-137.325	51.517	-79.562	61.019
-106.764	7.296	-137.33	51.517	-79.534	61.009
-106.763	7.334	-137.333	51.51	-79.51	60.992
-106.762	7.384	-137.333	51.487	-79.483	60.969
-106.763	7.45	-137.33	51.449	-79.436	60.948
-106.765	7.544	-137.324	51.404	-79.382	60.918
-106.768	7.667	-137.315	51.337	-79.309	60.871
-106.775	7.822	-137.305	51.259	-79.215	60.816
-106.784	8.005	-137.292	51.158	-79.11	60.756
-106.796	8.217	-137.273	51.05	-78.981	60.682
-106.817	8.455	-137.253	50.922	-78.839	60.599
-106.847	8.702	-137.235	50.798	-78.692	60.513
-106.87	8.952	-137.211	50.668	-78.542	60.429
-106.901	9.199	-137.189	50.536	-78.396	60.346
-106.922	9.424	-137.171	50.411	-78.257	60.268
-106.947	9.626	-137.148	50.308	-78.135	60.195
-106.965	9.802	-137.129	50.211	-78.026	60.133
-106.971	9.945	-137.117	50.136	-77.942	60.082
-106.979	10.056	-137.101	50.073	-77.87	60.046
-106.991	10.136	-137.088	50.026	-77.813	60.014
-107.006	10.196	-137.082	49.988	-77.778	59.992
-107.015	10.234	-137.078	49.968	-77.747	59.982
-107.017	10.253	-137.076	49.961	-77.737	59.976
-107.017	10.258	-137.076	49.955	-77.733	59.972
-107.017	10.26	-137.075	49.953	-77.731	59.969
-107.017	10.262	-137.075	49.952	-77.73	59.969
-107.016	10.264	-137.075	49.951	-77.729	59.968
-107.014	10.265	-137.075	49.95	-77.729	59.967
-107.013	10.266	-137.075	49.95	-77.729	59.967
-107.012	10.267	-137.075	49.95	-77.728	59.967
-107.011	10.267	-137.076	49.95	-77.728	59.967
0 0 0 0 0 0